235462.3270456286
235462.3270456286
235462.3270456286
235462.3270456286
235462.3270456286
235462.3270456286
235462.3270456286
235462.3270456286
235462.3270456286
235462.3270456286
235462.3270456286
235462.3270456286
235462.3270456286
235462.3270456286
235462.3270456286
235462.3270456286
235462.3270456286
235462.3270456286
235462.3270456286
235462.3270456286
235462.3270456286
235462.3270456286
235462.3270456286
235462.3270456286
235462.3270456286
235462.3270456286
235462.3270456286
235462.3270456286
235462.3270456286
235462.3270456286
235462.3270456286
235462.3270456286
235462.3270456286
235462.3270456286
235462.3270456286
235462.3270456286
235462.3270456286
235462.3270456286
235462.3270456286
235462.3270456286
235462.3270456286
235462.3270456286
235462.3270456286
235462.3270456286
235462.3270456286
235462.3270456286
235462.3270456286
235462.3270456286
235462.3270456286
235462.3270456286
235462.3270456286
235462.3270456286
235462.3270456286
235462.3270456286
235462.3270456286
235462.3270456286
235462.3270456286
235462.3270456286
235462.3270456286
235462.3270456286
235462.3270456286
235462.3270456286
235462.3270456286
235462.3270456286
235462.3270456286
235462.3270456286
235462.3270456286
235462.3270456286
235462.3270456286
235462.3270456286
235462.3270456286
235462.3270456286
235462.3270456286
235462.3270456286
235462.3270456286
235462.3270456286
235462.3270456286
235462.3270456286
235462.3270456286
235462.3270456286
235462.3270456286
235462.3270456286
235462.3270456286
235462.3270456286
235462.3270456286
235462.3270456286
235462.3270456286
235462.3270456286
235462.3270456286
235462.3270456286
235462.3270456286
