234140.26925750665
230469.49033790288
226723.76891595143
222912.2952616209
219044.43916281284
215129.68874523728
211177.55848029404
207197.54463950533
203199.04165948802
199191.29110166844
195183.3109990835
191183.84359588695
187201.30313404248
183243.73918209167
179318.7863821508
175433.6199976468
171594.94349059163
167808.9633418114
164081.367950298
160417.31007928026
156821.41672821436
153297.7758974509
149849.957918799
146481.0118437886
143193.49014131675
139989.45904630443
136870.53332937034
133837.87413186513
130892.24473740949
128034.02368596433
125263.25128637375
122579.63085134375
119982.57248819036
117471.22764729106
115044.52030326822
112701.17005485964
110439.72495185162
108258.59385415062
106156.0450677073
104130.24899641835
102179.30275854016
100301.24492473862
98494.07208985196
96755.76111239588
95084.28198841026
93477.61679658573
91933.75121996934
90450.6946498248
89026.49775048265
87659.23889156971
86347.06186488374
85088.1510205108
83880.74136134994
82723.12798508914
81613.67446130521
80550.80800963403
79533.00209272161
78558.80758198224
77626.83312120012
76735.7462914994
75884.27000949686
75071.18514601541
74295.3330413095
73555.61807151834
72851.00283807653
72180.49770246465
71543.16463914997
70938.11861085145
70364.51971109386
69821.57969424665
69308.55136557762
68824.73298523918
68369.46726833127
67942.13884216071
67542.17221762596
67169.03077536712
66822.21620626427
66501.26604087334
66205.75289737544
65935.28661336635
65689.51375648407
65468.107605599806
65270.776573110976
65097.26124929106
64947.33661032156
64820.80456123458
64717.50406535649
64637.298380214386
64580.08807383155
64545.78974974275
64534.34288464638
