0.25162469501080814
0.25162469501080814
0.25164461247715225
0.25168294483644493
0.25172762496281853
0.25179701472075244
0.25186775502239744
0.25196830966248923
0.25206516494408526
0.2521972804107674
0.2523210382013041
0.2524862305802373
0.25263819882503247
0.2528036938462785
0.2530209216102207
0.2532183833640433
0.2534762966515564
0.2537099488578362
0.25401468199915755
0.25429059609772875
0.2545882121163127
0.25497663139880306
0.2553287695354376
0.2557888061793779
0.2562063063150659
0.25665761578810103
0.257247709357821
0.25778329662427435
0.2583618629460255
0.2591170238432321
0.2598005855805292
0.2605365657332676
0.2613277278745445
0.2623536185553656
0.26327511373154705
0.2642594057005527
0.2653083218258563
0.2664233790814317
0.2678503548279487
0.26911451764984756
0.27044729217702884
0.271848728403637
0.27331855171753455
0.27485623497461587
0.2764610131540279
0.2781319847485483
0.28022319186463024
0.2820364940882579
0.283913155152629
0.28583753904036485
0.28778596420762176
0.28975740542711587
0.2917513950710687
0.29376801233235034
0.2962187061070098
0.29828792979596586
0.3008058449689915
0.30293564369925396
0.3055329981614448
0.3081804667797278
0.310883626347276
0.31318316100852117
0.31600443134197964
0.31889952217769973
0.32187541113489343
0.32493926511065846
0.3280983992291924
0.3313602253417154
0.3353054099286423
0.3388153392995999
0.3424516261440013
0.3462217558998659
0.35079936062624206
0.3548850494678929
0.3598508764769618
0.36428624905585516
0.3696793161261842
0.37449674825541623
0.38035272692356975
0.385580098051854
0.39192686956298317
0.3975822658564219
0.40443099567701757
0.4115440401940734
0.4178414377671148
0.4254033153478107
0.43316921122976315
0.43996495782908934
0.4480378997094149
0.456266790968558
0.46460342