14.564522248032134
14.564522248032134
53.412675888811805
132.1222205575677
224.50768170376423
367.61507467591593
513.8351318380949
721.8020205901647
922.3297969910107
1195.8316042566291
1451.3211585553433
1791.2544059790885
2102.547871272552
2439.538132927658
2878.1769652179323
3272.5515560744198
3780.828235531771
4233.935573140652
4813.604403698153
5327.02411832103
5868.447640945863
6555.689797862923
7160.176146636336
7924.3917725571655
8594.17681175353
9294.465998943917
10175.866803072067
10945.277200908293
11747.09809677816
12753.013191370153
13628.556476599746
14538.801146796017
15484.553255584315
16667.530767072723
17694.47444233854
18759.838191524686
19864.648047415707
21009.991546429443
22439.536773452128
23678.21285459286
24961.367172338847
26290.39593278565
27666.783274727753
29092.107962306956
30568.050744688688
32096.402461912134
34002.30237362587
35652.85876683095
37362.4049438406
39119.466337823294
40904.794543821365
42719.2957319994
44563.91917457067
46439.65991688132
48733.09675992781
50681.04239924211
53064.41342917707
55090.19304099213
57570.63447100404
60107.329058572126
62702.80275506707
64912.53470366565
67622.88928778838
70400.12469888554
73247.47919588757
76168.41530609228
79166.63826456571
82246.11575868935
85947.22438354207
89217.74565870223
92584.06106770103
96051.46627959795
100232.12660267472
103938.54236207026
108415.37190044347
112391.50922983486
117202.73930355832
121483.32245872477
126671.41059031764
131293.96055621686
136902.81516381796
141903.46032744928
147970.22008384258
154290.6742005231
159906.3244384879
166672.66148192453
173634.05119635942
179710.6927914596
186862.7965057418
194030.28355844176
201198.28353878463
