0.000257
0.0002574497266501585
0.0009442282590320342
0.002336054665733797
0.0039703184613504635
0.0065031532870592455
0.009092763498591984
0.01277891360583229
0.0163365839813974
0.021194381699146128
0.02573808202401618
0.03179250621532087
0.037346060050773684
0.0433682699924939
0.051223428436017654
0.05830229136218853
0.06744933136336848
0.07562681101064735
0.08612161094537514
0.09544921701740901
0.10531956209035113
0.11790023335353095
0.12901577087336208
0.14313761038804734
0.15558014839458068
0.16865710965536135
0.18521762300201983
0.19976932624076155
0.21503132182199944
0.23432241059761816
0.2512474328877527
0.2689788645041049
0.2875515278493901
0.31100186194347285
0.33156035306567405
0.3530891424656912
0.375634730679761
0.39924691080862956
0.42906475951236533
0.4552165285943921
0.48261935930025834
0.5113399298018201
0.5414499178575142
0.5730264484968995
0.6061527635268101
0.6409187681138208
0.6849400645585945
0.7236680413790009
0.7643782312585721
0.8068614503957746
0.8507025739818248
0.8959662013734114
0.9427217978280082
0.9910441318673759
1.0512129905175598
1.1032751093871382
1.1681984330652897
1.22446442514151
1.2947501662224823
1.3682587620373523
1.4452288624815133
1.5122047349703784
1.596228275418682
1.684540314400658
1.777497829949696
1.8754996417494745
1.978992613083015
2.0884791483050944
2.224548877238791
2.349067278158065
2.481650458688667
2.6231538969247974
2.80083765669629
2.965256891370917
3.17313806420641
3.366953286849288
3.6140728898057866
3.8466416777943526
4.146363490010617
4.431884554263446
4.805118460853402
5.166611600014751
5.6487379073474
6.213917889626806
6.7852610603618935
7.590952492800833
8.61502685928885
9.766870438487832
11.693062148824787
15.163621576922313
