0.00024
0.00024126056213155927
0.0008848721477673535
0.002189283311412524
0.0037210226502932186
0.006095192243149641
0.008522836872142689
0.011978844523760154
0.015314786452623502
0.019870355530904625
0.024131829437442968
0.02981071315936039
0.03502014727376702
0.04066941927930127
0.04803818643484896
0.054678543787183155
0.06325839097231019
0.07092799346303941
0.0807695895878075
0.08951511556401787
0.09876782953542022
0.11055877796497206
0.12097431743783814
0.13420413774878198
0.1458586707458142
0.1581059663777579
0.17361475529323933
0.18724249098594034
0.20153686228849946
0.2196089329487554
0.23547003683483
0.2520942537184935
0.2695170131689142
0.291532318001034
0.3108502188148304
0.3310989297324541
0.3523260536489346
0.3745823743785626
0.4027248221259632
0.42744044613901816
0.45337045125629155
0.4805804144756311
0.5091399468007461
0.5391230681934698
0.5706085330803649
0.6036803960887844
0.6455878683718217
0.6824761061801963
0.7212635352228864
0.7617438311966336
0.8035134891724691
0.8466258183638016
0.891138697211542
0.9371152008971626
0.9943164625606358
1.0437647177418783
1.105365171368796
1.158693631672421
1.2252354593753132
1.294743352707858
1.3674371003441115
1.430625001043687
1.5098169946846778
1.5929664973719355
1.6804093056972906
1.7725214335839357
1.869724850262832
1.9724942461432904
2.1001447928471464
2.216906149676747
2.34118910731664
2.4738000695633846
2.6402839832148888
2.7943182368460797
2.9890526825591683
3.170603379666961
3.4020858275327823
3.6199450485172506
3.9007272142827043
4.168229833214713
4.517951573542902
4.856722773867111
5.308629352147813
5.838517525033999
6.374336187920174
7.130196045436059
8.091367955245929
9.173002874988228
10.982886415067764
14.24644177032333
