46.778833254852174
46.79082263680724
46.795743283852254
46.79357895704814
46.78341180514071
46.76577219862958
46.741816618390146
46.71129405866141
46.67353870621424
46.62990644446901
46.57978650046535
46.52360948072302
46.459999068247946
46.39062207902708
46.31557488058148
46.23375746580414
46.14606100571625
46.05296251441216
45.953543303571685
45.8486634903273
45.738630668290575
45.623500286281285
45.50271794498555
45.37682946631044
45.24596150421281
45.110448310829604
44.969975264017926
44.82576884317334
44.678601927968046
44.52815181279189
44.37479967506081
44.21898869064641
44.060884196556174
43.90092741477961
43.7389657068025
43.57538000532396
43.41120902116865
43.2457598399362
43.07928040903677
42.913715937245094
42.74741301834746
42.580329625348085
42.41355812060574
42.24681910392291
42.079782429595404
41.91266789378933
41.74727819251299
41.58190408387601
41.416969336307595
41.25416784846275
41.09316719667364
40.93268434030242
40.772885271420265
40.615660540579285
40.458608007746854
40.30186838563674
40.14718051269623
39.99357016209398
39.839758465171634
39.685820255038294
39.533661057697174
39.388147913030245
39.250905125695695
39.12260097159007
38.99578638474123
38.86978198128736
38.74707383095259
38.62672029297049
38.50586197516668
38.3834728077898
38.262319397246046
38.14973277769526
38.0416730918429
37.93529141039573
37.83003881000443
37.7245643427434
37.61649704302385
37.511821861612454
37.404802353588714
37.29349809869156
37.18013761132689
37.068742983269615
36.95457641274856
36.83684698161988
36.72283156448885
36.60852449793135
36.492320381839356
36.376065138130066
36.262871332531724
36.14436182078539
36.023504586905474
35.924581658353965
35.822179430705816
35.71790792998089
35.614100067540036
35.50909027352558
35.400657938865635
35.28959076200518
35.19447141924675
35.102414076457634
35.0142924365724
34.93148934408867
34.850367625524406
34.76809382302168
34.68598806231078
34.61284596471868
34.54122856916081
34.470287402737455
34.40779779531228
34.34830243802698
34.289558294152336
34.23269765120259
34.18367429174937
34.13613449671366
34.090274847858915
34.05256050312501
34.016842504986286
33.98314154549432
33.95674983168742
33.933135911855906
33.909437665503965
33.88529316876482
33.8636874001233
33.839073150136535
33.81192287185619
33.78402833225081
33.758353587031834
33.73214456888464
33.70672576601764
33.68629011536034
33.66197640946347
33.63220493452308
33.602514884667535
33.57963980048315
33.55277231986016
33.5198679937361
33.468989639146066
33.41259094366052
33.346553794514584
33.276965222902604
33.20685041944032
33.13316177399692
33.05828193220977
32.99286784776109
32.91760180605049
32.833813076840826
32.75545964715211
32.678771158753776
32.599340720241194
32.51807441292545
32.44232482315986
32.35949776826455
32.26997121979284
32.19189007309736
32.11362217840348
32.03126267081891
31.94875601600441
31.887062282192403
31.823077961566057
31.75546932893508
31.696857562545198
31.641803051732488
31.583135442945977
31.52610403531042
31.4906946098991
31.45749332572948
31.425824050197782
31.413490640315903
31.417364800717216
31.42793810286828
31.44458964436979
31.46669410587515
31.487333900739596
31.506153938524317
31.53557124319486
31.56294103076569
31.588830695280386
31.62243536788396
31.66202358586242
31.699406664923192
31.73504464248474
31.782830011798065
31.83152839779954
31.87375843356625
31.920621882836905
31.976257740250333
32.03044514681804
32.08363768857752
32.14462635523366
32.20424987987248
32.26130549758974
32.32006356091658
32.38423727589086
32.44700638941453
32.50452761694272
32.56782139264264
32.62861275866212
32.68846503549811
32.756739883924254
32.826538367270544
32.89296988328387
32.95658006401506
33.02282524923834
33.08658173612383
33.146637921176165
33.21099553070377
33.27296422049768
33.332155479897374
33.3942365438545
33.462895856765165
33.527913524387515
33.589521784563566
33.652461052377554
33.71386557016666
33.771114616849886
33.828668728404196
33.88803038402142
33.939897251376316
33.98249558652926
34.03842032983529
34.08767026597364
34.12911572571208
34.16816593697759
34.20616655242963
34.23674203142036
34.25870860680271
34.28351036473233
34.30483372387614
34.32180563636885
34.34127121771967
34.35338426963018
34.35620054579557
34.3509921273364
34.34584390678407
34.33224193608511
34.31152275176401
34.28859277136728
34.25711649355309
34.21752727628747
34.17064960438078
34.12260835251625
34.07428566471227
34.03186264403569
34.03298992466871
34.03123889573951
34.0275609847213
34.028730929453914
34.031832361871494
34.03225407982476
34.03109078761137
34.03742657605057
34.060801073002864
34.09260114504375
34.13183096986231
34.17585462657333
34.2196059390656
34.26244590135543
34.3126556007208
34.365853391962204
34.419854024447645
34.47762300860671
34.544035310772884
34.611532456092746
34.67938549929928
34.75232040939222
34.827341771812705
34.90483282237568
34.9903460099003
35.07979466071405
35.17097379100131
35.265925765198716
35.379057117058764
35.500061244884314
35.62524184123893
35.75328727533442
35.8843603240077
36.01721148557593
36.152532848339135
36.29723127730849
36.44292268027438
36.58746918975384
36.73443752400589
36.88565249566813
37.0363319169549
37.1861536676366
37.34097030137215
37.49391731585048
37.64482531890925
37.79808772940691
37.95189195524405
38.10372530003372
38.254332949065656
38.40662096065975
38.55741319099247
38.706894431760034
38.85857893031695
39.00845050009488
39.15631339728524
39.30425272924463
39.45115399713085
39.59563705415783
39.73936149152548
39.884612872816085
40.02629739020778
40.16940423603423
40.31022266245634
40.450358166326936
40.58982367468499
40.72891677508099
40.87132678310098
41.012769084311785
41.15444653122618
41.298985921232926
41.44353048892984
41.585369017024576
41.725921404806925
41.863099605570824
42.00051761522776
42.133262909342676
42.26747862587789
42.4031741410315
42.537218986664136
42.67468902770293
42.81457340475568
42.95399649855903
43.09340093504204
43.2328300474243
43.37322806664605
43.514232010611586
43.65542829003337
43.7965956613505
43.93751883153461
44.07818456979932
44.21851341811723
44.357811374414844
44.49574897331183
44.633180068170226
44.769645884269245
44.90289450702281
45.03574627211309
45.166311297906134
45.293788734179344
45.41852981507891
45.540686587733646
45.65831646289589
45.77195374473168
45.88182367385046
45.98630093975818
46.08575718741471
46.17980531635979
46.26771528566521
46.3484607107621
46.42321400107968
46.491325551117214
46.552893013682194
46.60810668747796
46.65615982934621
46.6968166412784
46.73051164758659
46.75775041079407
46.778833254852174
