434563907183.66034
434889035580.0698
435237802852.84
435638661365.7809
436135342303.2718
436731852577.0152
437208319828.62213
437531720120.46106
437954602524.779
438216998214.2737
438285676826.6582
438339021948.79315
438468749889.954
438430692193.692
438250168726.24805
438250056737.8141
438132485189.70703
437879626355.82404
437651104965.84906
437301608741.91956
436721132802.76715
435961950448.81274
435258659188.3655
434425258130.3434
433486789291.09033
432525574258.80585
432128905056.6259
431869616072.759
431547026248.25696
431369363123.5866
431070318636.5282
430585251844.6352
430107567565.0251
429539735491.3531
428789886611.6192
427977420768.9793
427168321820.2297
426213172726.8443
425109061104.1789
424056928537.0844
422820715996.12427
421365461020.6913
419778460847.0745
418093490711.6385
416202851822.4281
414110375329.32306
412089747664.5326
409865627389.4847
407453016583.8219
405046330750.1581
402570244266.39795
399952119831.0039
397221267553.8261
394437496715.5952
391439429709.3237
388250932461.21295
385073225328.6393
381805206427.8896
378328252968.33527
374665260764.11993
370977954834.3361
367594046290.5793
364500772499.92957
361545737900.6779
358494043470.654
355285944249.359
351990932830.77576
348622885312.36475
345099372311.2914
341430432442.8741
337746136934.073
334437367655.88226
331218242990.8157
327979990789.9174
324748350844.9665
321450172523.157
318094178997.8448
314865071962.15125
311518045111.5685
308047678542.21826
304553319978.8538
301122731363.6612
297639603038.4036
294105314963.08435
290783832874.4771
287531004241.90753
284289189099.9029
281129607520.0771
278095720540.812
275029849557.62427
271912635166.2887
269571505012.22754
267174216675.74902
264729778044.3139
262330233922.46182
259879623991.39496
257330849228.03702
254701961738.5896
252453857302.1126
250299730552.09924
248239971121.27994
246237754286.12933
244212116493.44272
242117552687.66434
239975202957.87308
237924180515.8886
235841984266.37622
233729002102.50812
231747411993.89462
229767776602.29745
227730486367.81042
225656213457.6714
223699982477.65097
221739754402.02515
219771978555.48703
217883790367.1206
216010300878.65262
214161294301.85126
212446354945.08725
210739887740.7852
208994491167.28146
207213759101.85022
205452996660.80695
203627988974.15543
201766533062.82483
199907106658.65427
198095528645.80054
196305075690.72058
194555801363.9505
192852562116.569
191076952923.93945
189198323815.70993
187203602518.19608
185347675852.2743
183477601285.58173
181546179471.07904
179399757199.74887
177226487083.89838
174962470788.7185
172693735361.28607
170439448117.19385
168204536454.09918
166044911022.90717
164022662990.2921
161941638933.47443
159830877580.2719
157862799442.50443
155944783581.64105
154045586922.67038
152179779827.14038
150442637271.56683
148672287877.58163
146887825508.92993
145331205308.8379
143862959232.94592
142438558134.96747
141115534183.05734
140185411592.31622
139301652613.3129
138446932689.11743
137734071832.70975
137073187882.54175
136431656425.02164
135859364023.63495
135449829387.7015
135119078247.1015
134876657249.96918
134882733535.10654
135161235708.06706
135563319484.95801
136004460638.09836
136460375478.34892
136909747444.87144
137356532569.39146
137906450919.1762
138436512950.2162
138962659657.4088
139564517239.0151
140262826404.6635
140929376826.8252
141561493718.81815
142267187252.5892
142954936085.34088
143580300725.1379
144194828915.16583
144899816171.53598
145588003610.0293
146258840960.5308
146981758420.71198
147661990417.18948
148271810829.5768
148848291641.25922
149426105709.95953
149952115095.05582
150413100667.0538
150903243650.85056
151347154630.0592
151760182286.67188
152272773251.8235
152804671062.57275
153303352299.8393
153767981381.4947
154220835373.69833
154621035071.0356
154969720672.55115
155395716220.17444
155679918837.11145
155889158778.0834
156161174301.03708
156539622115.91675
156915978970.53033
157299707386.08017
157741555659.45383
158197406287.43387
158639080581.74957
159124511748.80804
159686781934.98795
160208586196.88943
160656229966.24435
161405153089.91977
162111067563.1536
162788886223.49704
163549395247.20215
164419450132.5984
165281637743.35764
166100842647.14993
167029929638.0009
168012876989.21707
169046437708.28226
170235314742.1503
171432449713.37137
172594289269.0852
173731719802.84576
174980331917.48837
176203498781.2941
177401239046.354
178611366166.4213
179770542496.22095
180868765928.52972
181915427720.98724
182994089397.76004
184071191123.42947
185275914402.75192
187427277074.82175
189554298517.44595
191719416719.9617
194073394804.2945
196490516567.04068
198876239002.44412
201250701987.91614
203759283229.42087
206385854930.48135
209091046913.47028
211967617726.5461
214922759805.42752
217845201738.61282
220728403146.67273
223672505613.46884
226633155489.85452
229581221306.6947
232571716884.92462
235701747182.06555
238785406853.06555
241807779063.71436
244822536852.16852
247802017786.52826
250722630618.46155
253678979351.83945
256636875493.7094
259579746417.44577
262529705155.47983
265634730321.13608
268895849040.1072
272239317150.06525
275570360963.13226
278961081142.86926
282388078382.3556
285882789584.8322
289572977170.7443
293246679698.1157
296872857997.0275
300592028279.23425
304458930996.1186
308301075586.22314
312085931972.5829
316043620436.91986
319923464748.8311
323710854999.7895
327549061974.93695
331383828537.054
335139497585.6389
338858757132.77277
342592228759.79065
346237675802.91376
349799954151.11383
353461093062.82025
357008059417.81116
360427930355.85675
363817188187.70483
367163061691.2223
370355946569.4063
373397044939.05194
376480109729.20636
379554269889.3453
382512371251.6486
385361998240.2722
388198147806.1051
390878659385.1006
393408396413.6092
396158519364.14355
398880720577.99945
401571786525.889
404461169664.75745
407324791372.9104
409988220150.064
412441640617.2116
414372803802.20856
416084099952.0803
417460585770.09607
418629293925.5177
419815086767.7324
420936412369.747
422062237481.50946
423410476461.27124
424537391380.1503
425449152532.8722
426352057890.9597
427301635490.0457
428144345040.9099
428916342404.1508
429776848332.34705
430473964969.66693
431006425166.096
431590544111.2708
432064008982.1996
432335589782.0187
432452374923.0124
432545444597.20123
432414662481.64624
432076605415.964
431830116686.10425
431759122712.87555
431660522015.5833
431469465253.827
431659246117.10425
431690636848.25696
431513187482.4031
431527147249.35126
431544500017.8907
431499566634.5904
431561208367.6794
432069256940.9904
432501592883.01636
432771581769.4019
433206329180.6399
433529505902.3487
433732705592.98444
434057803458.2453
434357196151.3588
434507333962.68805
434563907183.6604
