35650171125831.06
35688400191603.46
35727007669714.07
35767729674387.44
35816173486177.43
35872811211566.62
35917579475206.82
35948049650644.766
35986590615556.414
36009532454164.59
36013597460931.69
36014760013192.33
36021070706552.93
36010939767505.09
35987456216879.1
35977779581910.14
35958828094839.94
35929148059188.4
35901967099362.04
35864530302509.67
35807157595446.78
35734486318641.016
35668446216782.46
35591371769354.055
35504950045859.69
35419030928640.38
35397417759852.64
35395692686237.35
35390766688877.6
35399151400655.07
35399065909200.766
35385598439456.34
35375083146486.984
35358316692332.72
35327139999013.95
35292852494311.68
35260376060435.23
35216526827323.625
35161595784158.7
35114488199654.59
35051732092515.918
34970126416650.816
34878181242638.64
34778707031858.94
34661351284222.85
34526718384456.523
34397770946399.562
34251597977243.793
34089819079581.586
33931233324976.965
33766205411430.414
33588927024790.812
33401973126623.863
33212606585385.008
33005845480751.918
32783219537369.086
32559911339902.473
32328481614515.04
32079280029933.31
31814207751276.14
31549250431254.785
31313701995096.918
31107356297624.293
30922876577020.164
30730156370084.03
30525122886967.88
30315982540270.656
30101322536678.85
29873443455714.668
29632448954684.87
29390014995648.418
29174906232269.695
28965245078418.824
28755185719872.37
28545116313889.453
28328546233517.305
28106007083025.88
27892589697894.453
27668703589297.188
27433345404807.023
27195080458562.992
26963811685779.973
26727377980388.145
26485811239163.957
26262364700060.86
26046273534030.168
25831253645143.363
25621088591135.348
25421294045694.348
25218669991853.4
25012373958272.58
24866378779723.363
24715638976215.45
24560404997235.336
24408281972062.633
24252357131734.95
24088393760111.52
23918278277923.57
23784644438986.832
23657095430516.023
23535773689126.56
23419887833451.418
23302661069519.785
23178820842005.926
23049657831084.64
22930045326855.07
22807470188695.223
22681143097598.523
22564166016655.293
22446233589951.24
22322170190059.17
22194393990489.37
22074624989827.043
21952410256685.07
21827629090312.152
21709727153357.11
21590896378828.973
21472077614627.117
21362500887835.04
21252713402835.79
21138169495613.023
21019540563748.477
20902136177068.207
20777905551775.23
20648540736740.047
20517237812206.508
20388866040885.344
20260640954362.03
20134530094233.156
20012863456796.723
19885158827780.55
19749662952914.305
19609227576907.68
19480350135574.99
19349075431227.24
19211642829468.766
19053757315092.88
18891962660352.117
18721674822024.438
18550960006151.473
18381849730042.79
18213443263288.65
18049947086977.95
17899226316710.418
17742475706590.74
17582313085170.275
17433233119030.305
17289904917351.344
17148432383631.742
17010312130857.537
16883664108935.562
16754152859963.85
16623286600479.314
16511571017176.617
16406024823417.496
16302297700560.889
16205241069958.604
16138394279697.848
16074856490456.082
16012996745205.186
15962916694224.969
15918513479317.514
15874686931380.996
15835640066855.994
15814662665171.598
15799470182098.611
15789994543969.877
15800581089912.268
15830579658315.412
15869227697949.898
15912555696341.562
15959606282389.09
16005082686814.459
16048621808189.783
16100532515589.219
16149658923519.318
16196682708469.803
16249187541794.568
16307503446705.105
16361510863554.621
16411706915351.39
16469120629057.312
16524476994186.715
16572598378099.96
16620098312325.69
16673629609430.127
16723240830021.6
16769194131411.154
16818763604771.762
16862838977489.81
16899831775979.32
16933451012491.852
16967565130563.943
16996233139308.744
17017016760691.635
17039956917612.842
17057267108960.156
17070367944926.812
17090122198878.72
17109929957987.434
17125206333213.352
17136120572009.125
17146628679977.273
17152328826970.105
17152977880177.865
17159323080961.492
17158210770367.264
17152482654423.838
17151818325113.01
17160906263096.936
17169019929439.855
17176888568644.744
17190372749329.53
17205434431065.229
17219655909464.959
17239216441541.375
17266514357263.656
17291042213014.596
17310053691464.541
17354769453158.256
17396586583373.219
17436141722547.473
17482746602075.885
17538376932442.914
17592811248471.855
17644152723819.848
17707492661787.77
17775838923129.312
17848450037948.367
17934151224243.074
18019856095933.062
18101618219861.36
18181106361857.324
18268855267777.93
18353221437927.92
18434532708148.535
18518034144558.863
18596813880802.168
18669700364339.816
18737725029839.754
18808195883895.82
18880974307265.008
18965033939776.387
19121385322634.223
19275168887741.977
19429488759475.242
19595058642522.85
19764524795019.29
19929795921238.273
20092428772784.34
20265737856398.15
20454288555484.11
20649923635949.742
20856246187468.6
21067123730236.93
21274134182089.688
21476879378012.184
21684685993123.57
21893176982100.76
22099286804872.957
22307555373558.426
22524462960937.004
22735615748051.332
22940802023876.32
23145765915251.457
23346436997355.94
23541535801392.92
23740072284224.26
23938324230303.535
24132854710836.613
24325965611446.34
24540085496056.496
24766457521877.016
24998545976343.547
25229070264361.887
25462142994513.883
25696308903296.477
25934114521383.664
26189532868806.19
26443673032666.043
26692500037829.59
26946449049124.37
27211173697003.258
27472130319032.043
27726879074218.055
27994407918430.656
28254268715045.0
28505317013206.727
28760927836552.605
29016304348781.055
29263956584672.73
29507482401863.08
29753048675645.67
29991447836909.758
30223060676125.86
30464081735140.344
30695664788764.227
30916646803532.11
31136332028200.74
31352957419728.668
31556560366136.957
31747345766568.953
31942130427092.223
32138524288913.29
32326475475460.79
32506234473747.418
32687637581556.78
32858112822758.223
33017773468872.223
33202615655187.703
33387828856049.523
33572181639707.51
33775357632527.895
33979169357697.57
34166619792227.29
34336733883762.805
34461934095989.836
34569924858502.984
34648904469437.97
34709839325472.008
34773946723473.2
34834843083757.184
34899664977443.297
34984723985442.73
35051031017709.3
35099566423065.02
35148924719553.387
35203496483414.46
35249359676892.516
35290308106612.44
35340696826552.94
35377566052390.39
35401117371999.66
35432204890039.05
35455869357565.22
35463807521680.26
35460364780271.41
35458405614933.75
35438077550611.45
35399910981438.35
35370320236381.18
35355459550581.08
35337809696304.19
35313259178561.38
35320272866570.38
35314634640031.64
35292468634925.69
35289865184185.586
35290702709550.766
35287597948210.586
35293640493798.29
35345116553243.02
35391596535297.45
35424254016104.78
35471360934327.25
35508769355511.664
35535618812317.32
35574376086139.23
35612093979717.695
35635665525628.35
35650171125831.055
