8137591539428.901
8136622463389.378
8134843754614.677
8132406588850.859
8129343587642.204
8125481107728.919
8120936041918.686
8115666580342.164
8109655602264.192
8102884548080.448
8095347417766.342
8087040748540.1045
8077920936682.989
8068011185431.258
8057247909599.878
8045633414033.352
8033146645912.277
8019808693620.488
8005535509583.899
7990462583567.878
7974379412153.522
7957454611546.857
7939572654582.995
7920858181281.373
7901210952704.481
7880709909262.613
7859410540435.983
7837186137563.387
7814282335922.478
7790606493533.713
7766163849826.641
7741141430599.094
7715460969022.615
7689189244040.056
7662441734082.201
7635248051107.501
7607580205317.216
7579676367904.081
7551340808922.171
7522848602411.573
7494051586155.98
7465145469639.357
7436092922822.576
7406959249684.395
7377696227356.089
7348475714315.673
7319166977642.609
7289935969299.177
7260596743519.137
7231289430902.68
7202055496052.675
7172876758442.53
7143589443912.275
7114403370334.4
7085209572767.695
7055972143296.133
7026774433573.322
6997553146123.799
6968215305608.954
6938879682849.199
6909588151486.282
6880090340361.827
6850546280882.377
6820942688580.221
6791266563053.434
6761409211548.409
6731407670020.851
6701402055405.093
6671166984191.67
6640833032340.86
6610213325782.841
6579552555342.354
6548660889963.746
6517483821936.948
6486158673732.792
6454641633743.281
6422747260853.679
6390659181297.959
6358306387726.013
6325718524132.443
6292750656050.674
6259461497342.17
6225912765716.262
6192111093121.806
6157982929580.753
6123497119190.848
6088722442852.511
6053759478585.464
6018484893311.775
5982924258577.855
5947200429132.926
5911238564490.491
5875217516463.522
5838919781609.795
5802597794421.816
5766224218641.074
5729861818087.131
5693527740130.704
5657257074778.501
5621086168305.18
5585169499695.74
5549455442107.929
5513962555240.211
5478737318695.29
5443993469577.6875
5409578083878.859
5375610523458.062
5342080859570.942
5309105980544.352
5276629224988.229
5244727002061.958
5213491010001.312
5182812371441.922
5152744139744.559
5123380643249.152
5094681403044.045
5066589065989.4
5039251663762.175
5012523145536.2295
4986478292832.252
4961124098023.972
4936360499836.645
4912279778424.58
4888817711853.698
4865974865976.614
4843682981791.914
4821965275179.666
4800801504081.395
4780181476909.912
4760031006838.478
4740377800598.402
4721156189126.288
4702406586608.667
4684025647821.934
4666071195550.012
4648489548999.634
4631254553925.094
4614372959815.702
4597756872464.214
4581498701742.193
4565516500993.08
4549856122344.77
4534391588273.281
4519248892129.156
4504359465510.783
4489705746051.255
4475269100250.829
4461113533885.8545
4447165500240.944
4433429504742.947
4419932800067.767
4406656501390.942
4393616944929.5713
4380769982531.367
4368141314907.564
4355772644972.598
4343600762532.722
4331640386453.6606
4319924351147.448
4308442003794.6274
4297213198236.7456
4286237244701.671
4275494854442.8335
4265051482639.1284
4254863831451.3706
4244971107492.58
4235380226034.461
4226110539435.849
4217181328316.834
4208582826378.82
4200350877992.8657
4192505326387.3413
4185063360893.336
4178019876234.4326
4171395259920.556
4165248294573.9272
4159552720108.6255
4154303154938.993
4149613904920.5605
4145376132345.412
4141674841595.46
4138519137132.8843
4135931411634.6455
4133855095551.3027
4132376800492.813
4131478367856.9526
4131143036888.291
4131386053825.3003
4132264522730.5815
4133685294478.834
4135728015917.1797
4138352158225.588
4141577380707.469
4145394191774.1807
4149753392185.864
4154728082902.608
4160211067518.899
4166274110603.085
4172875943671.6753
4179970637987.9004
4187610955188.968
4195719110764.5156
4204299720804.5767
4213362116463.997
4222834137093.5664
4232757732582.0957
4243015143354.19
4253737436597.873
4264774483852.71
4276135640217.845
4287879309465.208
4299927675492.6826
4312264276537.57
4324867408713.23
4337786573505.206
4350936131788.6953
4364423201935.266
4378053336456.216
4392023136162.903
4406171724758.877
4420645964189.627
4435343881528.366
4450276065857.95
4465530012093.726
4481028536389.766
4496812536862.376
4512901054752.702
4529254257411.228
4545969469869.312
4562993436149.564
4580350691276.349
4598034743751.463
4616084209573.703
4634539109994.752
4653354145936.7
4672522758235.2295
4692092164743.754
4712058475417.456
4732466288135.447
4753214438715.465
4774452137650.445
4796078388835.332
4818115262232.576
4840542257268.608
4863425310972.24
4886745272075.811
4910410032771.972
4934578022814.514
4959125644338.849
4984184123254.001
5009568610566.737
5035446385060.479
5061692592938.454
5088456738825.185
5115683068881.904
5143286023875.842
5171400406040.786
5199956821419.806
5229080744763.684
5258639891766.34
5288735313453.322
5319316339045.107
5350486833185.8955
5382201311033.262
5414448084714.637
5447269428696.174
5480752133924.625
5514788460822.941
5549431401845.509
5584695090819.158
5620705622637.028
5657273481267.859
5694524914323.134
5732336969160.845
5771027267098.468
5810246936562.0205
5850136316666.841
5890687323832.952
5931972343007.157
5973890508207.458
6016331574905.3
6059506427588.672
6103266276404.148
6147574484276.264
6192538471366.01
6237886619419.33
6283793947258.771
6330225146633.848
6376958736213.958
6424098946391.783
6471531529916.181
6519225276542.836
6567112799073.827
6615068455357.534
6663131822763.303
6711119242947.344
6759055241960.107
6806715222908.8125
6854219842765.94
6901268304318.545
6947884554754.763
6993940975622.354
7039474812907.934
7084260146802.829
7128186989928.292
7171303926450.084
7213604739934.418
7254737149216.9795
7294755108646.751
7333852788524.655
7371633542187.366
7408293028154.731
7443736313355.89
7477982530942.749
7510932248716.63
7542549447002.837
7573034945892.734
7602359954013.806
7630269563409.618
7657064038301.804
7682770175640.281
7707406206743.254
7730909901707.1875
7753413066435.843
7775027830660.145
7795686076528.482
7815478890620.226
7834516684493.968
7852714774543.298
7870325049319.906
7887117951619.27
7903403197629.235
7918977144082.919
7934058830237.837
7948572590696.707
7962598522736.075
7976072384312.601
7989020485170.99
8001523474863.317
8013580116927.711
8025068166278.525
8036133551207.215
8046643429660.943
8056645684282.889
8066165494043.393
8075152937949.447
8083496985260.724
8091405514243.523
8098774078040.171
8105446272299.651
8111530082689.66
8117063197077.322
8121934638549.588
8126183644644.439
8129777967904.242
8132720938516.064
8135056637243.167
8136685943259.374
8137720539376.069
8137979790612.947
8137591539428.902
