356556784904.0675
356862475048.0609
357186074197.55396
357546166681.88995
357987742553.7673
358509464171.04266
358923449009.47546
359208230993.96594
359577783985.9938
359807478705.07605
359871966660.56805
359926288132.9506
360042027128.9666
360012868974.9951
359858544795.6201
359844656790.6737
359732325425.72095
359507924657.18536
359299945635.9369
358990202195.8988
358483821594.38324
357823382273.49493
357216551590.9313
356497643976.01544
355685725178.9005
354850668184.83136
354532629464.216
354350046524.8584
354112166495.4395
353987867936.2744
353759172674.71246
353375528370.6582
352998287228.9264
352545707069.6971
351941330508.28143
351292112343.364
350646100458.5057
349876022042.389
348984833055.06586
348134127224.23615
347123865686.62885
345927442280.0099
344616776066.7507
343220109154.9621
341652018015.81067
339913512482.78796
338234159642.3062
336383502042.14307
334371964237.7659
332365570397.04425
330298960955.62195
328109126524.9827
325824152994.3913
323496079202.87854
320988258744.72327
318321703482.2177
315659016808.1664
312920762987.0281
310012476391.5827
306946920624.7212
303869012491.85156
301062555440.7628
298511585049.0532
296076600154.2785
293565638388.303
290921739635.81604
288206866756.70703
285433189763.84357
282528323576.14215
279506339842.6369
276479077569.4873
273763540019.9577
271125455825.02502
268473314269.77194
265825012166.56113
263126631882.67484
260382470526.92752
257747002032.89032
255019877661.17175
252191211848.43616
249343556241.05438
246550408661.7956
243712223695.98392
240834278434.327
238143412650.8262
235521395323.52982
232915795542.62814
230377486114.4201
227946667084.88074
225492727048.35638
222997086319.44653
221162615034.7739
219284730478.8643
217367214344.54932
215488418995.9329
213565863000.57648
211558849305.58063
209484727319.6764
207745817468.63922
206086221798.45526
204503842138.5983
202964640736.6613
201401049236.1325
199777248594.99844
198109272654.85745
196512205027.7626
194887033493.50037
193231874788.515
191682631850.69327
190132000485.83713
188526222663.03055
186884275572.7358
185338311470.7482
183784503622.0928
182219819121.77936
180722053278.46213
179229625038.55228
177753842276.20496
176390363634.87967
175029388027.06995
173631328764.983
172198295675.60587
170776720952.9245
169301894538.31323
167791613009.30884
166277626441.3231
164800108995.8174
163340628696.61862
161914672284.8033
160528881054.74295
159080238700.4926
157545815243.03598
155927324080.74945
154422513800.9247
152900108244.3987
151324676899.15607
149567958813.8546
147785948132.66525
145926873077.0537
144061572819.0814
142207144585.22284
140363399047.03506
138575364982.0692
136898561320.31306
135168584588.36458
133413656357.07466
131773250167.34836
130171504480.25851
128584907870.97728
127025793767.3685
125571967224.65228
124092072053.32216
122599935320.19412
121301622980.22849
120077069201.01942
118889039010.50974
117787177846.69872
117018989578.93709
116291504667.96446
115588601242.00577
115000286848.89987
114450274800.68864
113916896887.55872
113442493054.66899
113092455107.20128
112810280663.64296
112604981317.30615
112614610908.63696
112855922532.99039
113201789183.81003
113575702310.3446
113971995803.82863
114364606112.74365
114753772143.49306
115226962730.48445
115682895661.99551
116134347517.0852
116648813585.05833
117245008258.91435
117814045004.3643
118353643344.61438
118955075537.15886
119540568249.40541
120075459702.00278
120599529319.06856
121199562330.67172
121785425634.86632
122357596521.51703
122971936035.16354
123549630488.99748
124066771966.17511
124553910826.4481
125038173579.40712
125478872291.026
125867136624.06358
126276622193.4851
126648098341.51422
126996467948.95065
127422504207.86763
127863681039.60757
128276940813.73297
128658554070.40993
129029574555.83981
129350160806.50092
129625242878.83138
129964471545.5545
130203250061.70279
130388040716.95955
130623900428.7482
130942591054.25616
131260879317.90958
131586467367.08943
131956555108.16136
132333869688.52371
132695280809.07243
133092730047.23863
133554193865.2758
133979716783.73145
134340171461.14487
134953391214.06313
135526651755.95029
136072904483.5138
136687910492.59595
137395361122.76112
138090771218.2482
138747175597.17273
139492647194.82755
140283898327.98825
141115733239.07697
142076125386.92368
143040888716.07675
143975088763.71683
144884893364.7044
145886581598.24783
146863222460.37988
147812979051.61765
148771199170.7658
149689306508.06293
150550493580.6842
151365540032.06802
152207792598.58258
153050949661.53113
154004005745.15057
155760924073.06433
157494656329.76376
159255044554.2614
161164908640.3182
163127742223.11075
165062211466.8417
166983399972.53726
169016488800.2492
171132453959.0355
173304768250.97345
175613369776.35132
177985131395.87698
180328594757.1339
182636892627.06506
184989101905.0718
187360233828.65656
189719306863.87958
192112861986.90363
194621947375.4913
197095865188.2565
199519375828.84723
201937986022.99942
204329055121.80414
206670138765.31247
209038959017.16043
211406545433.85553
213756954678.8092
216118193883.32596
218599622774.40945
221213598863.10352
223898648682.4277
226570214756.93735
229291937204.47595
232048025927.5064
234865030000.07077
237858580393.70065
240837334425.29218
243777072514.50046
246797812766.37292
249945092964.92203
253069036322.59882
256145706299.99414
259369529971.8618
262530481482.43848
265615758676.92554
268744417426.8877
271872393811.11746
274935668515.1635
277966629937.4891
281013554758.1337
283988007173.94617
286889870328.93774
289882215417.8671
292779656815.5368
295569070494.345
298336378536.5283
301069800138.0253
303673439503.508
306152953424.0976
308666921049.98724
311176336454.5693
313595746953.34973
315926557730.21204
318249529750.5308
320448401393.3199
322520783042.8009
324791807301.0971
327046674690.5389
329281197656.2353
331691796121.5173
334085397380.75903
336309104007.9043
338357992968.09827
339967764227.6508
341396059221.3702
342540325230.96643
343499613541.2161
344475148955.9098
345404059536.93335
346342881591.3687
347464900670.04016
348398891085.24176
349148729141.9548
349886861727.1847
350667299846.6177
351359854998.7615
351993578307.0811
352701795815.79346
353272179799.47485
353703945556.3939
354180920870.77313
354563373702.9516
354776482470.88824
354857422246.5689
354919062783.84656
354793124989.8413
354492016706.2532
354268402145.46094
354192597087.6824
354087768427.5208
353907168701.6296
354048951637.0994
354058022384.2771
353892926230.1768
353888928597.9644
353885782748.898
353832021992.6966
353871620698.4193
354306430838.1637
354681025897.85364
354917612324.01697
355292272195.4139
355577130298.25696
355766010421.84937
356059672881.40826
356335953972.0392
356485507252.47876
356556784904.06744
