86348641105.65382
86696724178.69273
87004867407.38333
87254111852.11069
87492199624.58
87745247960.93697
87960792034.9577
88140065985.48712
88352765225.38274
88531109668.46045
88675608228.25513
88822636212.62419
88934500846.48383
88979978235.67464
88960802110.79228
88956996812.01283
88910750774.04912
88829339399.29802
88780140857.8144
88676889683.40125
88499366334.23296
88269816827.51805
88074224785.84897
87898354902.03084
87741355927.14279
87564427110.51952
87354440445.68808
87081986671.82782
86760467536.50371
86423433459.37631
86026705621.98149
85582378552.21349
85161990313.44826
84698417222.52171
84187790280.144
83653776529.68776
83097275447.78407
82622474001.6663
82267328591.47356
81958881845.09216
81630293163.56491
81256966629.18367
80880085565.99886
80513649944.91527
80130526002.19974
79736256443.403
79385491032.42163
79020031997.16539
78642026303.02246
78286015126.66483
77905497251.20276
77483391372.9675
77029038377.72516
76622042671.30229
76209006637.55228
75784655690.39325
75352644876.1338
74930148084.6705
74496570817.83359
74042625808.40134
73505398501.32875
72938397322.05118
72369573404.6947
71836438050.61285
71355449959.7412
70883181165.06241
70418114017.63168
69950693695.63875
69463888506.69673
68964010730.70975
68532408330.669815
68082980519.93574
67598461090.23089
67093572361.00852
66621720922.454765
66162904179.82942
65718490377.115715
65315103038.50649
64897017501.382065
64460697722.21667
64035056423.977425
63633361378.51691
63212145240.52447
62770974283.821144
62374267538.94392
62008308339.954544
61647048486.855446
61286661480.48807
60953693247.13418
60585011810.31376
60166791085.0472
59768109385.259026
59359444936.35055
58923583196.051254
58478922044.1079
58001260821.26317
57505364445.14525
57011767959.67306
56536268882.2843
56024103128.93032
55478986000.985596
54930462178.36772
54391350671.604126
53858590052.17896
53352561706.85736
52898032649.62114
52488031471.240974
52114725277.85776
51770617588.70417
51458951248.78536
51146182267.58271
50838367437.66172
50525375782.18474
50218473058.607864
49923911974.504036
49678348381.97801
49432025955.6796
49165429720.1793
48882366189.6538
48641986733.20457
48397437978.35027
48147024603.91119
47902593567.876495
47653551299.587036
47410450466.24211
47217591568.79365
47037656917.97869
46835726991.39958
46614091890.67878
46463358636.13819
46322700807.46385
46178917952.48526
46030108651.40463
45884159513.148224
45706516334.12693
45505139102.881996
45216061036.452324
44916747877.8029
44609225775.412
44323090344.88712
44020080246.62799
43685886572.605835
43323324911.41987
42999107683.48244
42707779376.746735
42440918268.383545
42201312971.58318
41959604707.68285
41686292207.33997
41384976293.55242
41118932029.98044
40843676832.5168
40572558681.466194
40448980140.846596
40354932431.02622
40266021997.1043
40180963744.93975
40099840451.90051
40001813796.75845
39886739402.30223
39777156612.67145
39654236473.86436
39513071646.1006
39380862345.572495
39337051383.424805
39268954418.14125
39164643890.550095
39115642712.64718
39057492073.34006
38990975295.27991
38951542699.503204
38913656384.419365
38908224828.05465
38954242463.76215
39021714388.34292
39065700455.831024
39093894911.5996
39164870231.642105
39255453158.10892
39334043959.22195
39406090322.87302
39524488624.40303
39629611388.38615
39715333838.6865
39821196004.59308
39921814545.00771
40009394233.16774
40094732267.77492
40259951440.67216
40420025390.69634
40571379174.96237
40724827550.80469
40862190937.51352
40969051454.40248
41047919822.78598
41150726784.46017
41244618107.13743
41328175054.21009
41416840707.16467
41472672577.665764
41499653951.67263
41544866871.45016
41632776806.29134
41730302481.81514
41833116422.61945
41939641113.535904
42056897653.68932
42156316383.010185
42245685919.34041
42356747732.00122
42462372544.3343
42552210740.2473
42642295087.44624
42731860625.18198
42806343426.131966
42870324697.841034
42949616407.12602
43100092378.67755
43340070970.21341
43586314856.44925
43832644093.464806
44091036605.09472
44377235305.49978
44656244580.66788
44922782415.04799
45189672776.44098
45474724684.37676
45759241505.558975
46028519087.36204
46292261500.47711
46544586816.068146
46783941982.80946
47018987822.62666
47648848995.592316
48285787940.0466
48909698259.97595
49524185675.05192
50178636792.72417
50828197873.72377
51459353872.8141
51901250079.23868
52277207024.19377
52638971734.97768
53024189317.89255
53401786996.26859
53768639560.515396
54131500306.62682
54482022141.94649
54800128990.509
55092099907.21079
55440802252.79765
55771416528.97556
56072741126.105225
56357237600.114494
56675392494.459404
56978869723.16561
57264816831.62154
57558644239.486565
57830166082.51218
58076977735.67771
58326883694.196754
58593625785.613045
58838036529.58523
59060501285.19222
59334018146.919815
59597247322.84381
59848640468.30328
60126306635.36156
60392064713.09147
60608636067.7596
60780046019.10246
60996914284.32883
61195117049.93073
61371510143.697136
61555031160.522606
61717789317.17353
61866722562.28681
62018747621.3562
62193993373.85834
62362640834.69708
62520278277.522316
62682403978.275894
62864060253.8881
63054547225.07483
63272621621.40532
63574188880.05981
63871561157.671295
64156709759.85602
64493474779.6744
64845303836.46478
65196173769.53826
65553478744.72737
65896539736.931366
66233904552.533844
66567512141.53017
66947440887.85905
67313929070.46693
67665119875.05317
68025943462.27222
68416439184.9545
68797361106.82158
69172662093.64528
69567661700.95714
69966735758.96793
70351651071.0386
70738371603.34843
71165976140.07727
71579177491.03896
71964119897.92241
72397374685.72125
72802570226.89023
73181347821.95563
73568805102.11288
73992218722.15842
74381600934.78714
74714446953.06476
74923782475.87381
75116866171.45352
75286112938.073
75453707933.65662
75600859612.46463
75703006049.74843
75765365783.32892
75856032843.06772
75904972184.78108
75912637470.20573
75902545072.7843
75871813601.53859
75792332922.67052
75665802185.04509
75531996437.73503
75378066760.79451
75277519782.42693
75658103002.61499
76078239888.65271
76499348501.12827
76919792172.3451
77426941676.89946
77926359975.85666
78411640425.163
78912816571.64206
79388056824.96056
79814205366.06721
80194186528.18286
80677167231.98526
81117338528.07495
81504902586.50931
81923738123.91898
82316062062.99725
82680590167.20511
83050423043.6934
83423237125.66469
83776473563.8065
84108732936.3772
84452748608.2381
84762855945.96333
85047689673.01183
85365792944.84727
85711504824.65607
86040876217.93887
86348641105.65382
