45.64222132566748
45.65865599791477
45.66787406952886
45.67003011223483
45.66501968677593
45.65271779077189
45.63363082712902
45.60758459440364
45.57448190206439
45.53484426326369
45.4883803481258
45.435128670933985
45.37487179396343
45.30800636881869
45.23470106103277
45.154578188968266
45.06801622890996
44.97498214307099
44.87558461142107
44.77004542413779
44.658299601733084
44.5402470213684
44.41635795050282
44.28644706516155
44.150555940885866
44.009414449122744
43.865137852242896
43.71717025115416
43.56528015816525
43.410247196402175
43.2515971227266
43.089499812735234
42.924923707782
42.757893331223336
42.58792670761643
42.41609286606032
42.24344360611633
42.068939572648844
41.89289244433067
41.717465234174384
41.54063475219672
41.36227939145613
41.18343550008908
41.004664164857495
40.8248568946738
40.644215792036434
40.46550586754581
40.286391595297005
40.10689866468418
39.92961784086662
39.75376806418088
39.578041715955735
39.402985411729254
39.23009717304735
39.05631582484436
38.88181374321581
38.709757528441976
38.53825982545129
38.36517293071788
38.190554744955755
38.017787865034165
37.85365314200348
37.69837227449232
37.550905671992346
37.403893844695126
37.25616221424442
37.10937612665522
36.96294252717984
36.81423393718955
36.66298367162025
36.51229004317407
36.370469677605215
36.23104484802663
36.092366288997056
35.954214123998085
35.81410533394875
35.671915681626665
35.53242842779652
35.38888394596679
35.2405956187443
35.089745513068195
34.94027150014118
34.78700817832334
34.6300478615429
34.47879114434685
34.32866604740338
34.177278205251596
34.02651689511734
33.8785713766687
33.72753278670314
33.57315179305532
33.446734865191466
33.31774560447555
33.18555835822614
33.05433874556875
32.92100172358685
32.782920264796054
32.641090790289276
32.519607738571196
32.4019201468202
32.28889613049874
32.18048558426795
32.07261721269806
31.96231640274566
31.850827215084454
31.74711602657122
31.643648391668428
31.540362498041784
31.44561132624344
31.35302762198612
31.25930947721805
31.166191649888255
31.08177159811527
30.998898778356825
30.917575869959588
30.84463962494023
30.774416749752817
30.70778376587797
30.651841356085264
30.59923797369894
30.546767394251216
30.49466440909597
30.446494299079923
30.396650314014217
30.345799517776204
30.295957989901495
30.251066960271164
30.208763330957755
30.170299444978347
30.137395815176358
30.101182917516887
30.05984985497201
30.015444748971905
29.981436291856067
29.94574071553749
29.904783863158794
29.84581913449746
29.782194052511777
29.709130527580292
29.6331074384554
29.556475297754407
29.47749209015677
29.399270900220095
29.330091089905217
29.25149511582625
29.16482378079648
29.08463424392585
29.005441378642214
28.92300479131875
28.83871683966084
28.76102207642366
28.674666566488987
28.58063129495867
28.50155477968462
28.423405380721764
28.341390236702694
28.260720405172695
28.209814338433567
28.157148857423692
28.10096824535683
28.053833276752652
28.008299969705373
27.95842872452925
27.90980008179824
27.87933189873651
27.852263337509683
27.828637745281178
27.826578485018306
27.84587153872396
27.87359626250177
27.904776843372723
27.938942372461714
27.969971966776377
27.99778781569523
28.035600515981272
28.069977082129174
28.1022708791116
28.141850046054838
28.18943331518117
28.233545942090377
28.274791188874016
28.326842160286184
28.378776747735948
28.425131983492985
28.47366977617525
28.531940067945275
28.588829867908537
28.64498359616993
28.708605335519984
28.76963522138795
28.82592860937741
28.882169355853446
28.94208634283612
28.999250101941097
29.051150898984268
29.10825788592194
29.162029233871063
29.213951944456422
29.274986743469206
29.3383019474553
29.398277979163833
29.454716652379
29.511902880571668
29.5649567188281
29.61323206882208
29.666971308020024
29.7128876089511
29.753568214825812
29.798005237476968
29.8500190012647
29.899102456680605
29.94544156590012
29.994453008421953
30.041974361247835
30.084861162186314
30.128784790814564
30.17593925254697
30.21610500895072
30.246115747007327
30.294982863506878
30.33622494477708
30.369997480623937
30.404524150159826
30.441616201933012
30.471975813379828
30.493725476740845
30.520572109235424
30.546405087389502
30.570169660203106
30.599889830351874
30.624338557641323
30.640231172838053
30.648654133076736
30.65995331212488
30.66375411074677
30.660982540502673
30.65617431960343
30.64395668096147
30.623976900639626
30.597134923979347
30.56976263486232
30.54264687111259
30.52365949239632
30.563078702857304
30.599088132370674
30.634639748285
30.67843090610632
30.72435803443457
30.7672480915721
30.808219608972063
30.858383726880252
30.920569362441473
30.9892300021866
31.06659628124047
31.148293018992334
31.22878438132901
31.30810948616996
31.393062149780917
31.480597265608562
31.56897525404006
31.66141775708104
31.762382931163465
31.862511495130885
31.96164905248057
32.06408914189371
32.167395547404766
32.271187134409494
32.380597008856064
32.49316463921272
32.607644964516666
32.725191123717046
32.85736280560611
32.999145396657745
33.14684912603868
33.29669601905791
33.450340534311934
33.60701134683874
33.768118159983814
33.939578931661075
34.11207521611287
34.284149675900196
34.46023826578528
34.64220796956018
34.823907219107795
35.004404072043926
35.19090486303708
35.375651590737455
35.55809270465244
35.74281212731244
35.928213750366474
36.112118956034365
36.29488171301876
36.47892925180391
36.66131618084648
36.84210258009452
37.0259422853132
37.20700100211526
37.38543880836985
37.56395906880958
37.741498210990535
37.9157839713289
38.08730632282421
38.25962078121464
38.43213183889495
38.60253481401555
38.77098377958844
38.93980383616583
39.1059672636166
39.26998463055766
39.43814034128869
39.605704300508876
39.77233016635721
39.940807423233615
40.10840583820061
40.27268907705495
40.43386016972679
40.58871922662322
40.741285195812104
40.88994612695359
41.03652696899167
41.183975526550526
41.33149940072292
41.47913378746188
41.628887377513024
41.77676979059972
41.92305047826686
42.06921678242992
42.21552615515175
42.361071423929
42.50603454557683
42.65112373553972
42.79450361468773
42.936359508496665
43.07763669161173
43.21779656487735
43.35576210167306
43.49179778245819
43.62643331121105
43.758232215391516
43.887970684559455
44.015876917880945
44.14127233875958
44.26354718936556
44.38290433351039
44.49927394966553
44.61122844610882
44.718774540741194
44.82246211352176
44.92134592996333
45.01501182960714
45.103102282241515
45.185697986789734
45.262400308544045
45.33277991698055
45.39683536003721
45.4545933689758
45.505763275402764
45.550098109474526
45.587507973138315
45.61815153561754
45.64222132566748
