-8495034727.014359
-8560622214.003891
-8535067776.702811
-8420481866.311904
-8215214777.426598
-7919095261.422061
-7535501846.426028
-7065189336.051109
-6505896703.502187
-5861361145.285301
-5130945621.977756
-4319863862.040461
-3426240404.0372787
-2451516619.582502
-1402252393.1217535
-275982339.6665874
923767231.4685313
2193287985.675347
3530674759.675762
4934431036.002302
6398945987.625933
7924678901.44302
9506658284.349428
11139877909.64407
12823302929.449907
14552173218.28227
16324528511.77858
18136658217.63352
19980093157.95279
21853077384.821407
23755647202.70658
25678478521.87947
27618322932.751186
29571803642.85289
31532908334.503296
33499718997.752174
35466232946.754105
37428663916.721245
39384209717.797806
41328220111.47546
43255301949.842865
45163738745.67109
47049462516.79677
48907027223.466736
50739477372.67503
52537070109.61491
54299669518.53092
56027947335.359314
57716793239.21126
59363420898.06498
60965977709.597694
62526021988.03125
64042790365.538475
65511339345.26389
66933767818.04213
68309775078.82798
69637556472.48918
70919907196.34668
72155974583.94653
73343174742.50206
74486295777.72531
75585981050.94067
76639891824.80612
77650973022.66264
78621553505.82632
79552043926.7448
80445448622.81859
81300097291.44196
82118069795.96712
82904326694.59999
83662780553.20135
84385183651.44966
85079672023.55
85749298370.6421
86397389214.77267
87020603934.4203
87621107806.74292
88206804202.1933
88777503421.17812
89327992524.56522
89865247510.55608
90390528387.06491
90904096414.73723
91406291055.46846
91901125053.11433
92388943704.3376
92868597934.93196
93338551552.63574
93799043208.45262
94256143719.19604
94705760241.50876
95144765967.412
95576078417.56429
95999587015.72739
96413538097.69525
96816189903.02393
97208221047.37845
97588620164.44183
97952614738.69705
98302803309.50175
98635331411.23807
98951174861.16219
99249180078.9937
99524807670.26852
99776709617.26414
100006663166.00638
100213108588.88144
100392390566.79308
100544330760.65572
100668781177.63576
100763246051.5314
100827501112.8437
100861934829.6645
100864759317.28075
100837305853.09206
100776493537.42976
100682798719.49338
100559461780.71925
100403485247.09131
100213222578.06874
99991908539.00194
99740992530.99759
99460995089.66693
99149933430.1288
98810149087.71063
98442995773.768
98050449648.44707
97630689775.00067
97187450261.1142
96723709542.9623
96238498580.85637
95733024723.70183
95210744195.76804
94672994493.6758
94121203703.83604
93557393668.1787
92982144335.062
92398200858.72609
91809482632.14166
91217221074.36644
90621731758.83536
90027049240.4907
89435518786.33647
88844889929.11758
88261571418.71802
87686920228.7934
87120965428.92288
86566880883.55829
86026931633.11697
85502649203.50014
84995605159.36943
84505774131.85031
84037864248.07968
83591344489.90921
83166562615.68266
82764219132.78839
82387256447.6478
82035996297.12827
81710015909.2027
81410602882.36667
81138631148.09198
80893912366.44008
80675839328.69025
80484324945.10017
80318861423.02168
80179131505.88396
80063986669.43376
79974168698.23264
79907794070.96815
79862786278.58986
79839514242.56262
79837071201.49748
79852445015.50276
79884972576.99542
79932615555.17422
79994264204.45607
80068598547.1721
80153605504.8235
80247228319.20815
80347636809.78421
80454572274.52415
80565063052.41344
80678831256.58307
80793820219.54086
80907508403.0489
81020417816.59818
81131184922.36293
81236830685.9755
81338066123.3926
81432338846.08401
81520697080.11017
81600806510.67615
81672834977.11836
81738703815.80176
81794664535.12292
81841183308.539
81879705372.35571
81910653932.20035
81932905586.74763
81945752676.79141
81952436162.92442
81953214082.94093
81949281005.03079
81936980363.01778
81921971273.54915
81905079899.44359
81885682740.54642
81865145855.15788
81845307660.86383
81827873009.53519
81814106972.17398
81804051487.36008
81799964664.6135
81802072414.39337
81812958121.5814
81834353915.36899
81866015443.46632
81908574193.47264
81965097775.8316
82036549995.8992
82122202406.15805
82223108615.16629
82341561196.24785
82477467451.09984
82630105157.6333
82801007643.66042
82991007623.36446
83200359679.82942
83429408056.70964
83677770179.90887
83944030394.94402
84229375896.4474
84534678880.90872
84856567947.19038
85195582508.4018
85551577992.56613
85925649797.55756
86312319865.28035
86713273176.88504
87129865975.38551
87557860649.19524
87995713714.0133
88443437675.3966
88900589418.2318
89362751680.66592
89831533265.29945
90303684812.62737
90778114982.23456
91251351240.27974
91723516016.38838
92191189916.86555
92657406177.28387
93113599867.50441
93562344131.2452
93999776972.119
94424631054.001
94836259532.19737
95232193710.12503
95609234258.74702
95968580597.30861
96307906032.34972
96623519182.1915
96912931424.40181
97177335432.80856
97413859649.8506
97622938073.92091
97800090627.67122
97944513562.1865
98057538714.23131
98137834506.76616
98178726086.59064
98184062794.71031
98152116552.3399
98081533751.23035
97971119835.00093
97818431379.90302
97625161841.73553
97389010324.75557
97108944566.39015
96786347234.78725
96418643640.47346
96004386013.83095
95546173196.39867
95042336105.53401
94492315819.41763
93895733994.27211
93250845419.0559
92559749003.37843
91821970503.00716
91037212968.37907
90206218679.48518
89328490418.27603
88404496437.4917
87434988197.23244
86417931009.3352
85360303961.32129
84258690128.09506
83110600153.21475
81917098490.39336
80685606864.95119
79413321188.96999
78099574959.41406
76745343051.7432
75354896317.42229
73929995780.47739
72466348391.69571
70963877472.70729
69433706753.63087
67869738959.48662
66272949037.461586
64644915475.38311
62988412403.67468
61307135339.11261
59600671215.083595
57865177818.58387
56106484731.45985
54325105830.99002
52523462738.92815
50705159166.11507
48867230981.60343
47012542721.208435
45145046482.94379
43263391304.07697
41373522483.19148
39476148207.05015
37571844983.140495
35662183217.632866
33752492148.30802
31844436362.51811
29942610769.712513
28050378800.172962
26167656192.13453
24297488671.981438
22443065636.225067
20607462199.633095
18802730528.447826
17024193111.617216
15273205543.370186
13560226634.242931
11883968080.811623
10251619553.034859
8667505693.182299
7131537680.020473
5648501845.60248
4221748004.051028
2856477959.473338
1557162946.0764136
323738511.74932176
-841435947.8638076
-1932012177.8297896
-2943246939.4383526
-3883659281.375842
-4740335612.196329
-5511229688.3382015
-6202194744.52379
-6804295334.690324
-7320913642.596851
-7749642555.305342
-8086283297.801918
-8334548267.049831
-8495034727.014392
