17489145700328.902
17509049123063.727
17528976132930.984
17548840027530.25
17572837259134.232
17601302093113.156
17624093355873.586
17640153326300.453
17660769221183.4
17674317979410.473
17679083966111.227
17682711765794.61
17689639288137.19
17688496803873.69
17680218521961.46
17679117014272.58
17673084152721.71
17661783586885.56
17652575862301.74
17638286880091.297
17613769148562.973
17582004270413.033
17553116084599.246
17518249192154.477
17478462869150.283
17439484479665.533
17428800457867.15
17426296111647.37
17422195667329.6
17424887933101.057
17422936965197.807
17414326957610.314
17407929912176.426
17398334121195.268
17381351718900.021
17363519186514.889
17346738767191.596
17323849011662.363
17295065642705.695
17272048435537.408
17241110617185.21
17200945301905.865
17155766378023.428
17107441858143.559
17049258427883.273
16981577740510.346
16917318029758.643
16844793041360.215
16764886825634.219
16687049423478.178
16604960924148.584
16516649097067.264
16423787913206.777
16330300449188.293
16228033703538.514
16117554526286.172
16006348486341.46
15890985102202.23
15766108137856.375
15632407492050.357
15499029773823.23
15379289882614.84
15273568793303.922
15183947487843.662
15089577461777.582
14990792643286.959
14893977149333.117
14794952671752.418
14689419984968.293
14576739085365.201
14463031720020.133
14363926210521.262
14268415872164.883
14174647734497.39
14081443088964.469
13984372853302.73
13883462558410.99
13787638497771.229
13686165392602.836
13578281820336.094
13469000291691.424
13364494367471.027
13257042980126.434
13146377663914.764
13043897606232.963
12944188365005.936
12844142333255.443
12746464406970.752
12653827131094.24
12559289758433.043
12462541730312.562
12397204623508.225
12329708609995.818
12259466708390.9
12191124549212.098
12121140477037.031
12047265031745.154
11971108198964.143
11913065674884.473
11857645279880.068
11805427873262.385
11757443851080.791
11709919921372.227
11658973536057.576
11604984016874.086
11558644200545.61
11510894623194.768
11461067335056.88
11416442530735.203
11371567142465.463
11323834634936.408
11275313163287.594
11230931010173.81
11184767022891.814
11136947989836.0
11094172426807.316
11050378266311.84
11005640089044.75
10965331940846.584
10925605652708.102
10882933382807.621
10837499344709.48
10793554741177.818
10745104185563.383
10693049274873.277
10639375267212.586
10587105714384.574
10534280425412.621
10481956544177.541
10433722129474.846
10382468891790.418
10327495823890.977
10272714708301.64
10224882764071.01
10175280837115.799
10121728736227.814
10054691255373.584
9984657604573.17
9909143169069.186
9833574511111.217
9759283839535.312
9684926409665.844
9613279719170.121
9550772051892.36
9483294993455.422
9412717056606.564
9348756163199.242
9288554759119.754
9228821928908.447
9170292885586.164
9118704876500.885
9064397885450.2
9007939444453.346
8961657969507.215
8917733330185.986
8872865849725.395
8829917140502.172
8801844417891.969
8773957210475.26
8745377302780.957
8723421761766.864
8705067762940.403
8685801134890.915
8668128263124.924
8663951328946.352
8661848619669.629
8660970926437.755
8671451451813.677
8691444812809.725
8715516868691.686
8743027812041.599
8773297028924.765
8802019723451.201
8829046481695.916
8861641103304.51
8891811498249.22
8919749030411.066
8951039776448.97
8984991983058.336
9015542420319.734
9043393832541.113
9076814316411.98
9108716710771.328
9134303573802.758
9160534002463.605
9190328906410.504
9216688627214.791
9240166946859.035
9266125560675.078
9288363696456.352
9306239495516.125
9322589216652.684
9340530271608.555
9354899762930.027
9362822112547.447
9372658055040.912
9378377629898.06
9380946979762.396
9387630627879.377
9393480944817.92
9395493303676.691
9393850445874.791
9392421637593.262
9388336241589.867
9380719518565.627
9375262328181.834
9367899000733.879
9358501372312.035
9351304048487.252
9350250530611.65
9346826710267.287
9341805131009.81
9339744748736.844
9338348042192.97
9335999742489.068
9336363308746.068
9340853973235.984
9342871204680.658
9341022875870.447
9353370545451.164
9363833422570.613
9372447726152.834
9383786371251.295
9399039084248.621
9412396503038.494
9423420268559.883
9442130824649.47
9462520126833.164
9484283886188.627
9513245651447.691
9540900987845.71
9565214126949.795
9587636918200.047
9614144545533.498
9638000232487.83
9659624975989.115
9683181696767.889
9703315335520.6
9719365034181.123
9732142881258.1
9746040163386.902
9762115044479.713
9784974441982.84
9846518655815.521
9906521655777.068
9965935397625.824
10030183890724.096
10095932283336.031
10158915641001.307
10219659555048.264
10285680423674.238
10366004248712.977
10452494229342.791
10543819340294.82
10637766356695.242
10728763874923.287
10816866912245.215
10909120385483.682
11000573919135.38
11089635886667.322
11179629490356.867
11274281111398.686
11365334150050.598
11453159998271.48
11542380561333.36
11629505556674.436
11714101074839.408
11802695522322.025
11892404059635.904
11979798151190.22
12065931106679.986
12169667360246.512
12279343598585.268
12391457610757.727
12503477415721.3
12616241287472.705
12728574538370.621
12841905425900.91
12964927657476.205
13087595746772.166
13206631616882.623
13327258448075.395
13453680859716.812
13578120694435.54
13698978454892.957
13827275736137.506
13951501291607.373
14071169358568.697
14194859231209.902
14318568444069.096
14438546324418.629
14556722417573.895
14676848126986.633
14793930743579.02
14908129998182.361
15027400799771.707
15141985262367.822
15251159570055.326
15360327606931.25
15468814811655.393
15570249919511.334
15664729226294.477
15761410661551.84
15858702367922.457
15949662361597.31
16036013399660.168
16124057347849.512
16206340309644.574
16283091426725.162
16371393754331.873
16459789421453.521
16547156398206.766
16642682513103.602
16740250440072.7
16829180876633.598
16908713534725.129
16964743534472.84
17011926854282.59
17046860113412.686
17073395743406.262
17100664463559.457
17127066243934.549
17155593440431.912
17194711430063.355
17224284380390.793
17244967870294.787
17267245839823.812
17292645778752.875
17313137003055.102
17330825632196.37
17353733974330.025
17369535138177.158
17378183705540.148
17391333369102.332
17400948846713.443
17403158621075.234
17400686452283.502
17399877980893.441
17390096702117.877
17371034930180.88
17355433442521.658
17346868625550.305
17336197401932.406
17322108807280.389
17324323797508.082
17320505147558.746
17308554841323.807
17307721766330.393
17309323824652.479
17309461046286.416
17313858379589.066
17338431420037.42
17360871116502.344
17377318327165.68
17400597622884.494
17418783725256.078
17431279920235.123
17450396122378.297
17469755698598.666
17481955390510.016
17489145700328.9
