356412134032.7816
356789680571.6843
357172991980.3334
357579472849.0617
358065237949.371
358635005132.3588
359087943757.24493
359399650738.3214
359793551982.584
360032570127.0469
360083643844.86725
360106057662.67535
360179868037.568
360088584688.8623
359862485043.9073
359772558434.54175
359587267468.4644
359291343588.33044
359016285277.87335
358633749043.8443
358046105282.6763
357298846848.1866
356610442514.2573
355803320152.95074
354893433350.1138
353978589176.2231
353696471294.25934
353602112965.7999
353463937557.6917
353446603315.21796
353331599400.7634
353069401530.2901
352823232092.4656
352500818323.30786
352019938098.9658
351493924862.3192
350972699144.4528
350323640253.4804
349549911236.08466
348842303023.5954
347964859083.62213
346885754726.7594
345691222807.0569
344410306324.46826
342938963278.9943
341283948918.8373
339677735703.26404
337890118809.8389
335937732766.7254
334011651074.26794
332015962519.53955
329891408586.4084
327665136576.4854
325412456048.4232
322980160435.9598
320384354105.4266
317781806028.32825
315095889662.0295
312227818178.70795
309197010664.0839
306168360543.1481
303444558826.7053
301024283854.67584
298833795841.84106
296562026305.2181
294166920113.103
291732839142.2908
289244915001.0318
286621989928.6366
283864824910.17236
281094948762.0268
278612488379.8129
276188761006.4651
273763142159.8319
271338863561.14545
268846774113.56076
266291845296.83282
263832240934.55075
261261371504.11673
258568020679.80392
255840291453.9138
253184123522.84467
250468624352.30447
247694677015.92535
245110552488.8941
242600320173.44067
240097426218.84943
237643333875.45166
235296371094.0229
232914372285.3548
230488919785.0783
228715176759.6435
226889679065.93518
225012801389.651
223168657456.0968
221283450309.1595
219309699620.8282
217268421166.2532
215630832803.97116
214062550107.64233
212567804937.12262
211139185643.2979
209701194360.33917
208196024130.5279
206640003544.86148
205198553869.50275
203732687293.3089
202235340643.9818
200853346019.37903
199471978762.91855
198033551921.69913
196566028830.10272
195202385326.82083
193824316165.53235
192430894328.5496
191129969531.56458
189832230155.49066
188549106157.94052
187386950496.15784
186236223740.42773
185045647090.59177
183822061451.15228
182624618901.5512
181363071065.79547
180054760581.34198
178734796852.89465
177459396077.20346
176195850519.91327
174965516917.49088
173794396767.00302
172560619112.61017
171243025374.8109
169873726591.2651
168641629593.80093
167384371830.18845
166057523185.23856
164495261728.7538
162886309352.03842
161175689101.6016
159454976073.39716
157749534443.32962
156045930715.2071
154390416607.3868
152876859337.6207
151284311993.5777
149640060010.5986
148114479618.88263
146644109613.5545
145182195925.79538
143745865406.7755
142430270591.40012
141065884211.29086
139668881447.01242
138482566824.39478
137353109180.43372
136228898997.89493
135166668856.20464
134450701735.911
133757683814.68022
133068526666.70929
132506081556.56334
131996242000.02533
131478165342.82094
131003944168.53012
130735837666.2977
130526187481.90457
130374487917.86317
130455490972.88211
130763291192.57175
131169032960.82814
131624569030.43788
132120623123.32903
132594265106.18779
133042174352.98792
133591244213.88315
134106931880.31174
134599059639.97064
135160131394.18538
135795364452.63535
136384429608.24887
136933233581.09663
137576986216.18246
138203856671.92822
138753144088.9534
139304617698.59573
139937984198.1623
140534644246.57718
141098710996.80374
141717289812.189
142281807873.01556
142771898978.7099
143233515028.9058
143711051084.90417
144133873896.75156
144473266881.0432
144847225970.61542
145162746785.29773
145436465977.07617
145795074397.16498
146160998171.37567
146477561650.13403
146745531151.66028
147011974048.48367
147224081863.67377
147377753155.97446
147596701942.3689
147727208299.68433
147801634262.6664
147930733717.24414
148166558546.20114
148384807133.4317
148592386410.7579
148856349662.41666
149129318452.9733
149380981451.752
149681973015.4259
150059783559.68268
150392725259.7263
150647479702.91208
151182225713.58026
151669331779.10013
152114760877.11795
152624222321.1302
153220497786.52817
153786685883.1617
154300497901.37256
154934827883.3981
155610382724.5843
156317540547.29834
157157832928.24567
157982898513.38086
158747998342.36563
159470775008.4038
160275034498.21225
161026874325.09238
161731722522.28378
162449388464.46124
163102396594.34155
163679051211.28473
164190907431.22964
164721748679.24243
165272805995.82764
165947801964.68192
167443116456.02405
168906636753.58362
170374963093.68762
171970607848.7438
173609543836.56238
175203680424.9432
176770174886.98962
178463341516.78638
180333704914.01465
182291544715.92786
184376841891.423
186521135227.71152
188631075204.41623
190703009829.92917
192843137453.1053
195002273356.63177
197147076642.61676
199329249302.78198
201622582260.6301
203865684945.99286
206055750470.97995
208259234525.19922
210430817556.34457
212557334411.6162
214738086136.73297
216930751880.45
219099625257.86646
221269423064.80368
223685090359.0256
226249842577.13904
228891281460.33395
231529402071.3158
234207452395.63754
236909166744.05252
239662695247.41537
242617662108.61038
245567127539.97098
248468149339.09705
251432501270.97256
254519129082.84393
257571153654.34116
260562012109.84796
263693579042.29105
266747567379.06375
269710703210.2102
272723776098.17987
275735902650.2763
278668550958.825
281556527492.36145
284465761115.5688
287298854809.19604
290059140575.3459
292915468599.17786
295669316904.3334
298309501305.8589
300933040124.8801
303519607304.5525
305966211101.5483
308275772877.1045
310620692566.5956
312976008932.292
315237752589.80176
317408518170.1367
319589833574.52057
321651340206.60565
323595160904.68054
325788341182.20636
327976836954.9733
330147711573.59863
332500446775.24994
334850374396.98315
337025007569.91077
339015001913.1219
340541826662.53516
341886480885.54156
342929256043.30255
343781768793.16724
344658984581.2275
345496216017.2365
346364210835.39624
347427835253.21564
348294104888.68835
348973065717.5405
349651501750.6144
350373409204.2755
350999137379.1639
351566649430.22015
352219732950.1976
352727782168.48047
353093090650.9178
353524622007.9973
353872814819.1945
354054119146.2447
354112347797.1068
354176563073.1264
354047910865.9808
353732445537.1179
353494522833.8977
353395770235.20483
353261337983.88464
353050667864.0414
353148777839.88245
353113828556.25635
352907681509.255
352891875186.00024
352905696986.7122
352875931034.3048
352934119248.2511
353443740009.9164
353901119316.2125
354218640332.86163
354679578213.7549
355042988417.94507
355300810805.55444
355678178208.0617
356046054846.1328
356273700238.75696
356412134032.78156
