17554722735094.037
17618315851664.63
17673858820101.754
17717660227765.742
17759216335154.19
17804551064818.957
17843307129148.688
17874179905958.81
17911130091200.16
17941025282359.656
17963987636720.562
17988894688253.363
18006705795616.023
18011522647088.312
18005308584356.855
18002305407061.285
17991399655962.59
17973812654092.12
17963934360729.59
17945257697835.316
17913587105065.812
17872593552346.418
17839092140381.367
17810720130109.535
17786710171288.543
17759298791084.188
17724356500279.227
17677310400839.582
17621098654044.59
17561501771587.19
17491282273053.77
17412600066418.885
17338714748663.705
17256162399488.672
17164557228813.348
17068683146188.07
16967793331752.92
16876127101524.93
16798831798225.71
16732108117737.97
16659676788475.793
16579750514514.318
16500158817597.363
16422444331020.254
16342415112514.959
16261242922323.816
16189135157291.895
16114554931280.375
16038255517653.027
15967391527251.043
15891381423455.844
15807237522157.852
15717157993079.395
15631071913738.941
15543411916897.64
15453846809395.275
15365089243519.842
15276790080032.916
15186136384510.76
15092625362250.75
14981156036864.654
14863431033487.857
14745720427533.295
14635645256899.045
14537407758682.514
14440972730285.795
14344634707898.275
14247848723008.375
14147215679579.785
14043807101867.828
13952973913747.65
13858719601464.3
13757949593854.846
13653358930466.086
13553879006390.75
13457645044945.621
13365258279654.352
13280901363497.0
13194023009731.074
13104309831167.824
13017143694678.816
12935426032061.28
12851228149873.95
12765106701323.092
12687596599512.07
12616461257225.012
12547050481188.168
12479265903255.549
12418115956241.896
12351599679002.418
12276635225578.059
12205004952817.006
12132285324670.54
12055068574088.12
11975403308932.01
11889965921634.05
11801518632038.488
11713562667935.45
11627792096885.893
11534573198339.688
11435289688946.857
11335663650903.115
11237060315986.771
11138938614322.697
11044742741702.586
10957090878865.893
10878810618704.342
10808087519513.521
10740251030310.166
10679169020740.098
10618113104404.223
10556643144341.633
10494267661089.363
10433121206137.12
10374124923443.078
10322629601417.254
10271882711868.193
10217950566034.865
10160482505823.24
10111116460979.846
10061215466189.756
10010322435329.686
9959870348716.27
9907378279746.791
9855600375904.59
9813002870831.818
9772249271977.553
9728172836456.42
9680961596007.572
9643253216480.275
9607908607662.693
9572707424208.28
9536361784757.13
9499771637997.338
9459584028947.105
9416680527217.346
9360986059446.865
9303716279848.346
9245776623571.83
9192716318536.191
9137437324977.818
9077669815092.21
9013850737178.152
8954333894631.094
8902150482290.443
8855628595085.84
8814717183652.7
8773178882077.875
8727168836423.766
8677227480172.309
8634059168212.077
8589356445668.965
8544263969084.226
8513074742776.283
8485079424240.3545
8457217084802.072
8429421529373.337
8400340818318.674
8368312162150.246
8333563864537.262
8299499514355.171
8263515437272.532
8225942902021.402
8191194458013.78
8167223805562.649
8139470278199.8
8106740168944.973
8081524997374.949
8055299984203.366
8028422619865.08
8005678054687.042
7982921512566.119
7966154837089.644
7957755447945.746
7953323616810.861
7946255734625.035
7936876587703.027
7931295797860.214
7928435338774.663
7924126720870.201
7918615301010.683
7919482984364.714
7919437087585.73
7917566673314.22
7919024793480.214
7919824140760.981
7919872633245.949
7920649453417.176
7933786178648.926
7947115702737.645
7960261360939.236
7974129908854.557
7986808495177.346
7995689534134.524
8001325080191.673
8010103060140.588
8018686524299.598
8026522404254.48
8034300494227.053
8037386257121.761
8037016247942.137
8041007695100.445
8049777262672.887
8060018347305.856
8071778790007.018
8084852906189.925
8101111525326.589
8115675641262.118
8130548084616.791
8150231639180.578
8170996714724.9375
8191419940193.93
8212990415967.713
8236440210776.379
8259648632643.466
8282110066848.48
8309239876896.875
8351515767510.935
8411956626685.953
8473909208867.453
8537765098499.52
8605765482705.586
8678396119882.565
8750505209131.223
8821283593491.068
8892031508336.156
8967125944882.479
9043978184734.674
9120396170516.375
9196803101270.463
9272586722434.58
9347541791949.828
9423251679190.133
9574837091446.469
9728179611836.895
9879997484859.19
10030838390551.348
10188649425207.262
10346403966878.88
10501513806718.252
10616751545054.9
10719219658906.525
10819093807717.209
10920167910858.832
11018485876609.84
11114285126790.664
11208880841603.92
11300479856559.957
11386232094585.457
11466800740302.828
11552262596183.227
11634190026055.19
11710582694667.129
11783363927646.71
11861210923044.434
11934484210810.592
12002933109788.781
12071021698378.707
12135713769243.51
12195546432080.348
12254486540231.182
12314750775262.162
12370059217275.613
12420757484038.262
12478148482355.686
12531355609574.756
12581604249341.389
12635396875357.336
12684152986320.342
12724155992000.178
12755540867602.256
12794588610915.66
12829560453934.059
12859683910776.473
12890244578585.887
12917261942813.86
12941583141834.137
12965883210234.795
12993313189859.842
13020015170702.11
13044784007780.717
13070070875060.057
13098700167738.508
13128667843895.518
13163323812567.3
13213596815931.854
13263159449932.533
13310587847369.768
13366751463526.975
13425151318619.096
13483328273369.863
13543119847948.576
13600781352268.67
13656557622188.344
13711645274754.424
13774757054737.607
13833966616269.656
13890502641109.598
13950387117787.723
14015743660293.152
14080528308627.236
14145133058972.662
14214289415722.531
14284675762716.477
14352513176919.195
14420523199389.691
14498108102897.791
14573751621245.7
14645338281677.074
14727886508662.316
14803204751553.076
14872895924649.475
14945742025956.414
15026661618993.424
15101513054475.299
15166006310093.434
15206888892791.852
15245615902924.896
15280692208333.377
15314968064820.01
15345441718679.688
15367505933193.582
15382355356004.404
15403620410016.596
15414942815191.857
15416578714714.78
15415191499757.516
15409612359945.043
15395119202866.379
15372061618131.436
15346171748748.404
15317018598441.383
15299769180174.8
15381868724883.186
15472462444382.242
15563030867358.375
15651861913373.057
15758906650734.14
15865530701858.197
15969974178047.775
16076879511364.709
16177912395380.762
16268672996602.777
16349208932197.635
16449273530743.322
16540402311186.36
16621332477360.053
16707441505678.738
16788002895163.709
16862277344993.533
16936801218386.291
17012319209436.695
17081994458594.396
17145160593511.686
17209124984106.027
17265699122070.541
17316762132393.941
17374467524054.27
17437958915007.188
17498300173547.396
17554722735094.04
