175547216351.92288
176182822899.85294
176736947209.71997
177172599341.50058
177584684266.30527
178033415695.58405
178415178161.59827
178716881191.1342
179078151894.81387
179367649906.25058
179586608758.7978
179823848344.01788
179988915838.3073
180022923156.1242
179945466938.50864
179899080619.07233
179772620710.6749
179578421685.10693
179460593830.90198
179253957973.56918
178916483834.40808
178484999338.73172
178128090255.8514
177822127876.20526
177559449676.91177
177262513134.92133
176889893902.75446
176395752995.2878
175809735384.0054
175189686651.82806
174463026993.4137
173651370965.6736
172887735144.84525
172037130344.749
171095559506.71753
170111012450.04974
169075846410.4029
168132924573.1638
167333980987.88098
166640834215.04013
165889896045.81238
165063169028.77588
164239215986.2823
163433322262.42502
162603284429.60037
161760770940.56335
161008210897.27417
160229625365.73373
159432231482.49963
158688022734.72693
157890339352.40622
157009010000.67902
156065667673.1473
155160346079.84232
154236834437.11633
153291441025.71338
152351516554.45193
151413377443.89456
150448413595.52856
149451283819.55154
148269376512.85712
147020458974.26794
145767567324.9129
144587586239.96387
143523520944.5391
142473644131.83005
141420054684.0387
140357537027.867
139251527060.77747
138112597597.8167
137096896274.77959
136041763495.71773
134915257868.91606
133744987448.09007
132622074768.75049
131527525331.78136
130467363136.42923
129485219565.85971
128473428233.3092
127427847746.72153
126404150703.77121
125433238612.6
124433388641.3966
123409992065.79001
122472529462.16656
121598341667.97647
120740365822.93996
119897281803.03282
119121413682.96243
118288676828.02045
117367208694.30544
116479678485.9512
115580047566.57973
114633196519.43529
113660430621.34929
112627282609.96843
111562092650.95233
110502721492.07912
109467288316.08208
108353204800.65823
107175351673.7792
105994344180.5887
104825269497.75978
103662099271.93575
102542536123.51407
101495201191.37628
100550789266.74881
99690628405.03688
98864499412.01144
98114600881.65607
97368069951.49677
96619652405.88008
95864337871.22684
95125152243.87535
94412699976.48885
93785214890.69734
93168213189.36047
92518749806.36392
91832988795.45578
91238144934.29175
90639306378.40189
90031659177.79967
89430770058.62805
88808171364.8235
88194194705.54114
87684171032.15256
87196018398.31741
86671050017.4135
86111339887.72856
85659357106.29092
85234442836.47
84811653777.58171
84375980639.05208
83938222650.7646
83459584705.78708
82950382060.11374
82296471418.527
81623601491.20782
80942867184.81291
80317781475.5279
79667783796.93404
78966194598.94693
78217377654.34845
77517987601.37051
76904405570.55713
76358767348.14688
75879188188.88882
75393969324.3932
74859610126.18636
74281848937.1656
73785961301.42462
73275372016.6189
72763563351.75046
72419335636.99881
72116650662.85893
71820829031.82027
71530245620.252
71228652017.28038
70897445849.70125
70539550633.58076
70194783938.1828
69831583376.49768
69454471770.21799
69116364135.20244
68910933016.23964
68663841475.988495
68362610769.91022
68155143111.42941
67939474363.38312
67720584599.92033
67553774797.729645
67390189079.01978
67300377748.798615
67312562148.261696
67374090103.039505
67407235852.513596
67415219420.380424
67468329275.85276
67555171098.53335
67627337993.91495
67686652676.17998
67821235035.94773
67946827070.17327
68051851556.03513
68194764943.88703
68332060538.5179
68461431708.41835
68599335168.763985
68879172186.71893
69161481830.70462
69441638951.82875
69728824657.70554
70000620447.85458
70228921472.58374
70420243677.63524
70644925053.59796
70865594746.91045
71075278863.857
71283906391.27716
71435972528.30466
71546203146.78548
71703002374.72026
71909967345.231
72129120830.54659
72358721733.68246
72599415727.8716
72868517830.5772
73112650946.3515
73354418738.55876
73641212047.98987
73932824129.31406
74212601162.08914
74495465267.3031
74790617681.74907
75072552036.20988
75336241568.87784
75641890561.93018
76101747547.87965
76749296211.86661
77402418269.7863
78063325692.469
78756774453.31627
79488940938.62308
80203553209.60036
80890234462.42615
81564191120.68323
82274098034.26038
82991358972.27103
83691994352.6298
84380448797.1495
85051972251.09727
85704069008.72256
86354401177.52477
87823512859.55511
89303417147.82224
90759145913.1796
92197767952.54561
93706271832.14862
95210086619.31947
96682093131.87836
97718828501.391
98616099483.27112
99485166492.36171
100368894167.72804
101225684915.94746
102058642884.9251
102883413478.78366
103682304936.64204
104424435203.51671
105118359108.31528
105875313931.03789
106603793620.83038
107282699027.04828
107934134118.2151
108653405533.56761
109336603186.49603
109980032430.4526
110633249771.95927
111264575483.5118
111857602198.79675
112454138975.74121
113081273385.63226
113668809771.49629
114219570929.5101
114858618826.12961
115467500719.71873
116056256882.37062
116696771997.13
117297484771.79938
117814744527.22957
118251258287.57848
118782670226.42099
119281331415.47366
119739287015.28714
120210991278.74738
120654472921.83487
121078804106.22282
121510903956.03006
121984346752.75148
122456174918.9899
122914900734.27713
123384554447.83359
123894162131.46591
124421897247.27164
125003909340.5535
125751746557.40802
126493016554.6603
127213236123.8385
128025176653.43561
128859525723.41121
129689821299.7468
130535006713.0753
131355917605.94418
132154569273.65005
132942640160.18686
133809663853.02142
134631957767.08101
135422260979.49655
136241987421.74457
137111952680.55977
137970230805.72183
138819945608.09393
139709482768.31073
140604377464.73068
141466138629.39258
142321980697.23013
143267037598.0445
144184288932.6752
145052212898.75
146022466555.64365
146911326910.4687
147735006638.49973
148581808646.88358
149501196835.67593
150351194981.9193
151088725733.64078
151581315315.14584
152044590310.15378
152463622778.43784
152867306289.47144
153225865581.7485
153493422158.34927
153682288916.2905
153929335628.57416
154071171462.91473
154110878767.0596
154115573944.84048
154073930755.69168
153939251146.4566
153715482450.14526
153460405971.0221
153170177151.82254
152996904335.8262
153815490061.61182
154717835822.58902
155619129074.978
156502619620.90994
157568158527.01538
158629660898.08362
159669758190.0791
160735031669.03998
161742283442.61884
162647581803.02338
163451488483.0258
164451598839.383
165363144130.7395
166173494989.63452
167036438262.6394
167844529554.94205
168590235779.33093
169338914917.7108
170097867139.85574
170798498605.05078
171434095333.16522
172077570033.9262
172646911199.7979
173160767705.73068
173740549166.77383
174377588264.62555
174982407618.8109
175547216351.9229
