-2983979910.9451284
-2790011668.913896
-2587213068.377225
-2377299089.652398
-2162207208.091135
-1939931593.0467007
-1710918015.0053477
-1476496417.4916914
-1238739699.7602396
-997455951.1147226
-750963442.5344929
-502750339.6797196
-251829361.37516898
-402428.4330870637
251715080.42987093
504633184.1053698
756169765.2854681
1005311390.1389978
1252843951.6257067
1496828696.889882
1735855735.1538868
1971587780.1975303
2200900376.4886208
2422444646.332128
2637754921.498486
2844360406.5087175
3043086173.485024
3232845890.9582224
3412093138.3808017
3583101784.119957
3743844333.181352
3894878624.3863173
4036249699.5241513
4167336732.066236
4287989605.9726024
4399037059.283431
4502023809.187618
4596671277.896615
4682757235.267443
4761261752.945478
4830398920.835321
4897513043.057037
4958103099.901025
5013347414.692198
5068649650.221643
5119488958.396727
5167913264.135394
5217066516.175964
5267310719.051942
5318082735.594998
5369306492.01382
5425291944.254633
5485469097.186718
5548688173.424576
5615953022.545119
5689705578.0801525
5772230355.516687
5861365515.343677
5953626836.302871
6059087488.806486
6172618236.816076
6292019178.137855
6419274136.502569
6555644675.462531
6699996935.745239
6853008622.280722
7015760978.582862
7185848349.879626
7364430527.373515
7552558678.261602
7748143966.6112175
7951486242.065894
8162965959.468617
8381489684.730271
8607061236.50997
8838086715.49699
9075349211.777802
9318629298.100222
9565871176.759731
9818402287.610392
10075533739.674908
10334248505.069193
10596971969.104969
10862465480.84088
11129114098.269579
11395635436.151508
11662721855.64267
11929184570.00118
12195305027.292263
12457378403.523819
12717058614.5696
12974032839.72897
13226344258.254213
13472170810.569258
13714718555.455954
13949908731.36358
14177675466.452559
14398313856.251535
14611142137.228516
14815694811.85401
15010952659.63053
15196903656.024433
15374235425.626234
15542425940.896124
15700784873.585562
15850104021.698507
15989196567.525402
16119052623.089998
16240322205.38651
16352579365.111902
16455931022.530855
16551364052.456013
16639210955.365143
16720062026.31576
16793840641.312176
16861424373.100094
16924293893.774261
16982602279.143915
17035230998.50605
17085357689.301634
17133423396.898413
17177883120.351519
17220926841.846645
17264526691.09183
17306562914.019665
17348717366.414017
17392151784.86517
17436858930.742085
17483111770.75102
17530042730.87952
17579165344.643147
17631676214.29086
17686244731.25456
17742891231.239693
17802339055.78575
17864791711.359642
17928753198.822754
17993937465.495945
18061395501.904377
18130084739.629436
18198646991.38337
18267710719.80567
18338332357.47414
18407458859.901745
18475009367.763245
18540358032.471485
18603671799.013412
18663666028.469322
18721345022.80634
18774941799.41241
18823481109.830822
18867786155.89909
18905363933.071507
18937040655.386135
18963350271.60215
18982272765.4899
18993565733.205856
18997235949.80719
18993950514.991703
18983083850.98813
18964560331.809418
18937482834.889038
18901613897.14398
18857418255.875835
18804696540.995808
18744780360.993404
18678882616.042347
18604813546.38468
18523768127.268276
18435878534.423115
18339582193.454212
18235406382.046448
18127751341.080467
18013568383.93321
17892642108.48123
17765736043.005676
17635967668.91281
17500698590.36331
17358131856.397076
17211619853.5041
17063563633.864843
16913323790.327162
16755571745.12769
16595488996.80032
16435613114.010992
16272413601.631523
16106290719.46623
15938845052.27187
15771972978.1562
15605074617.272732
15437728701.570862
15269490176.992716
15103822994.55366
14940390124.402615
14776780082.895885
14618169529.729694
14462391395.814596
14311111302.9945
14165027668.774498
14024338621.933449
13888866078.453865
13759021442.070192
13637619710.481548
13524739035.261436
13419820937.68604
13322814928.380165
13237113822.987444
13161726571.18429
13094672724.870937
13040911348.687601
12996197035.393631
12964945372.805553
12946919416.711508
12940049341.513126
12946502908.417086
12965649120.17426
12996747046.974152
13043020275.621153
13103407569.196644
13175877391.641188
13262096626.883448
13362664362.574738
13475621118.621683
13601237765.310038
13739727742.331247
13890990452.188871
14053328033.324244
14227034900.163239
14410731606.400694
14605795038.692387
14810165882.780512
15022463781.326971
15241894605.794353
15467876904.320854
15698697880.716024
15933776785.560392
16171658708.58708
16411941851.281622
16652398310.2159
16891893070.688694
17129671437.163155
17362955008.105736
17591455838.641117
17815260360.302433
18031339780.348568
18239339429.89751
18436797821.801098
18625288821.48057
18801794993.63146
18966230610.299267
19116929247.276733
19255511580.88148
19380305507.01187
19489914113.74032
19584541344.24929
19664518890.11721
19729337461.610126
19780085889.92538
19812950347.48212
19830310346.489365
19835229586.22088
19824759492.363426
19799215918.824398
19759742725.971775
19707960467.919422
19641531734.151936
19561758822.09932
19467546706.93637
19360417550.296585
19241855781.54547
19111263554.063984
18968771136.08503
18813510602.165764
18647429689.045338
18471125990.321415
18281333627.2095
18079344841.61411
17867762599.8535
17645368238.413372
17413765311.865494
17168581469.380684
16911125311.19932
16643746330.760263
16366556376.997269
16072264331.60296
15768700368.214996
15455218264.221762
15130841584.945223
14792613467.260897
14440961115.424776
14080708277.471687
13708980553.263441
13323538753.83595
12926808538.479395
12521422335.88215
12105379068.621136
11677565442.75142
11240294500.718807
10793960996.691982
10339839414.809284
9876939865.639114
9407425104.45935
8931482469.226023
8450657720.526152
7964425826.157772
7474544726.412843
6981424810.089053
6486260325.637654
5992219741.033407
5497980502.086008
5004216778.319796
4512449029.282838
4024269837.036058
3541888082.18351
3064174436.799004
2594671560.686892
2133149168.8007617
1679210711.6225688
1236319342.4934916
803906678.6777391
382913693.123406
-24249445.03851079
-418147055.921349
-797744319.0615602
-1161164978.1393638
-1509255476.9063878
-1842528980.2596626
-2156121545.157958
-2452288123.916446
-2730599022.5746155
-2989643749.00744
-3230841892.8871503
-3453670057.562211
-3656864836.556379
-3840610938.428864
-4006719081.7012
-4153477079.4268513
-4281220545.872957
-4390773981.077395
-4481625054.376154
-4555852603.51781
-4611578750.294088
-4650244107.002851
-4672185134.887495
-4678595106.237101
-4669957216.089143
-4646093690.288088
-4606495508.752689
-4554215536.385161
-4488216952.374028
-4408137344.301145
-4314264525.530672
-4210709969.009964
-4093326170.033246
-3964253456.8368564
-3823973434.9987206
-3675715604.4518485
-3518057497.766775
-3347684898.3077636
-3169721821.472615
-2983979910.94511
