44.728094100873854
44.73870388803229
44.74204293570665
44.738455299383205
44.72778760487524
44.709945024601474
44.68489683785026
44.65296165749112
44.61389685123098
44.5681475283885
44.51543494990336
44.455967580938626
44.38993579309667
44.31738306595842
44.23828504072922
44.15326827212739
44.06200632884279
43.96465886072589
43.86187329001756
43.75310682435895
43.638304060995495
43.517824966488206
43.392441599074346
43.26182160826278
43.126043842421794
42.98574682055627
42.844152077265555
42.699779996929685
42.5519480403255
42.40220986286406
42.24927126491832
42.09300479167007
41.93489425976767
41.77448934792189
41.61132545466245
41.446617509465526
41.281180713825634
41.11368921859464
40.944469486711654
40.775750195619366
40.60544171186798
40.43317617164104
40.25973074291838
40.08591719423931
39.91047737085558
39.73342235792029
39.55828014834802
39.38162602737749
39.20362449328528
39.027066758185065
38.85097040410016
38.6740148921395
38.496986717574174
38.3208141851143
38.142657319304995
37.96267225276479
37.78415282058849
37.60552780977885
37.42425540839003
37.24040824776926
37.05706939194485
36.880973504469544
36.7122027936685
36.5480420481668
36.383281972900996
36.21642306771549
36.04867035683717
35.87989919860689
35.708063520083236
35.53302770757094
35.35760708663662
35.192112186089034
35.02959531152113
34.86676808205764
34.70393930311585
34.53932264865074
34.372704176667064
34.20942080538529
34.04190831431961
33.869561596638384
33.6951707891914
33.52163960728555
33.34491487555544
33.1647729799934
32.99046936081055
32.81726226698054
32.64300779811002
32.47033458305763
32.30135602101166
32.12958794570722
31.954236177538693
31.810368968510552
31.663914006177794
31.51488272268356
31.36738948361072
31.21751265468328
31.062994867649465
30.904235809046277
30.76333841440676
30.627227749424193
30.496373643674755
30.36904089308052
30.241449899247307
30.11140281831486
29.98010181030706
29.854697686618497
29.728860709681257
29.602940800327445
29.48571896050625
29.37025156054963
29.253326746688018
29.13617664251076
29.027642714604298
28.920970281528742
28.81590142116262
28.717701188232937
28.62271229932155
28.531272148314574
28.45052954259443
28.37290352038521
28.29533187203745
28.21787114170726
28.143669203509425
28.067766507771935
27.991472012391647
27.91716215316123
27.847779545741904
27.78164491923899
27.71988908201082
27.66273281602047
27.602131661581698
27.53510563110818
27.460566802200916
27.396562218330196
27.331766449463604
27.26240772356447
27.176778576090516
27.08798610201202
26.9907196260015
26.891204573681026
26.79081968397276
26.689703583047354
26.591785397296558
26.502670328929888
26.405945299526273
26.303037160418736
26.20872130696302
26.115360185390898
26.019768677283086
25.923098779913936
25.833929937632618
25.737306553626
25.634703318816005
25.549164758279815
25.467440986921034
25.38536023638751
25.308780242006065
25.266998513907946
25.22562456461662
25.183165649949185
25.151277575547287
25.120582598813122
25.087959308529715
25.05870242887892
25.042663686825325
25.03125315217752
25.025669261134535
25.04277744727923
25.085241565738862
25.137617316641094
25.19106679389055
25.243299565289654
25.292279842397612
25.33876620804803
25.393621427081733
25.444412008439667
25.49315803173504
25.547934353080752
25.610837727687038
25.66952837824271
25.723599638075825
25.78429995124854
25.842437601881652
25.894057865384415
25.944605514910137
26.003683665619064
26.060986941904307
26.117047134644025
26.17820707348436
26.23579774110905
26.287163852456725
26.33596012152902
26.38552963878393
26.430911765197337
26.47103331603444
26.51459548220878
26.55435996431679
26.592060261639293
26.639429408285284
26.68887267349043
26.735490065319144
26.779309187857475
26.8221795694122
26.86027776159608
26.893694965688358
26.93358966708109
26.960625162134356
26.980562709189602
27.005067327441132
27.037737991174577
27.06912663863115
27.09962638036554
27.13350983810369
27.166933281735787
27.197190811396105
27.228872266946606
27.26468757257668
27.29473007666439
27.315853871188775
27.359420299885635
27.39655722633517
27.428301028151473
27.4635501800457
27.504691604969405
27.54198426706602
27.572276859984658
27.607989973530334
27.644813961282807
27.682274019965515
27.72854526211404
27.772125552741937
27.809709622142385
27.842018424657955
27.879988770211078
27.9129909835867
27.941327430122445
27.968063605113464
27.98887067610569
28.00308472927077
28.011572773201706
28.020976566320538
28.029001090080914
28.045076527543117
28.127352186097205
28.205874540935124
28.285313971607163
28.376059579211223
28.469295447180414
28.559237519047727
28.647383769618088
28.74334808671709
28.846024117656686
28.952926524495442
29.069589529470488
29.190548589383347
29.308859538428226
29.424619621619357
29.54425711148676
29.664826218115415
29.78513901871312
29.90828227250047
30.039587715353406
30.16937009209623
30.296677108525664
30.424717000372535
30.55246421049636
30.679052794813906
30.80896376570183
30.940574964247315
31.073261401285567
31.208398535086094
31.352369335221912
31.50464912265988
31.661844055785387
31.820322328674393
31.982647707911095
32.14774041331764
32.31705652822709
32.495152253748
32.673532399995395
32.85124498635932
33.03333724506764
33.221671711600166
33.40973390118895
33.59662324874485
33.78992681268849
33.981261104009754
34.17034824419518
34.36168855397488
34.55349407690984
34.743862261170385
34.93361618435741
35.124459373199976
35.31367434314353
35.50127655916708
35.69194147399933
35.880418389231444
36.066508688638294
36.25255593361206
36.438408692706645
36.62130161653093
36.80183189677647
36.984105426565996
37.166739481030675
37.34760915070715
37.527127016321224
37.707219096087734
37.88502951008186
38.060874036952164
38.24105977684653
38.42137058879742
38.60130684836062
38.784084522619246
38.96652206615845
39.1461694290486
39.322709325243885
39.49257272440323
39.66014010254018
39.82399653175153
39.98589057549187
40.14854261992447
40.31094719939273
40.47362987803692
40.63851446571716
40.801107887424415
40.96159487125266
41.1213515207239
41.28122356040993
41.43959074775216
41.59647128458217
41.75286499926475
41.90691444537949
42.05832607399616
42.20835869586482
42.35600786850143
42.5002376265507
42.6415342352005
42.78043585711826
42.91542352728085
43.046788336007694
43.17563742203897
43.30177484865782
43.42414773064917
43.542357401587275
43.65778075094722
43.767945647491764
43.87260560930698
43.97292440599113
44.06799656333847
44.15747717024579
44.24136500271703
44.31990169027076
44.39221777468951
44.457808022684134
44.5171508785406
44.56968028355227
44.61538605727861
44.65401294534005
44.685685817992194
44.71035108084269
44.728094100873854
