174554414815.4084
174748503114.9357
174945500527.94492
175144579368.37225
175387972528.4138
175678778656.81784
175915274936.47897
176086898122.46146
176306431596.27393
176457199837.83664
176522100332.95795
176577095464.52466
176666717278.8492
176676610787.33737
176615793257.0467
176627247946.67172
176589439828.44724
176498548017.04977
176427982331.22623
176305479591.46393
176079149473.7313
175778402841.96515
175504135168.66315
175167336819.00375
174778186708.4191
174393548704.1711
174287908856.93182
174259738266.2572
174210992658.90005
174225244663.98178
174187881198.20166
174078558418.12018
173985773357.42154
173855317068.5016
173645152137.6946
173420541786.1814
173200686587.0092
172913798175.2951
172562083814.4689
172262676214.79816
171878398025.64502
171396268389.25333
170858940391.4211
170285004243.09497
169607581653.242
168830612115.0007
168083890407.87933
167250352914.25546
166339323942.03217
165446061085.31192
164507912145.3305
163504637248.53113
162453208720.70187
161394296832.9473
160245550123.49506
159013022583.792
157772477287.2686
156489455984.6821
155110291226.04926
153642207072.6201
152177333091.22836
150851565584.4389
149670435890.14627
148655160531.98285
147593723874.9499
146488892935.35812
145406010736.25656
144303395189.50107
143136069542.6951
141896829828.46536
140648676176.72537
139552281363.9224
138495895669.7375
137458194095.44153
136427131001.97444
135358234427.21014
134248963455.55948
133193075560.9619
132079766954.05602
130899403948.07182
129703224844.4708
128555789991.54561
127376776677.79373
126162674583.36664
125032274727.33037
123928366129.72636
122819072875.11792
121732682578.9146
120698778088.91344
119639998476.00238
118557372552.42467
117803160570.75554
117023743343.6646
116215773282.21582
115426513245.64622
114620150900.14253
113772434105.46558
112899749428.91573
112220208825.12878
111569688396.77423
110954864832.7047
110387348527.18358
109826564519.21375
109232129216.18594
108609575631.15678
108071568150.5098
107522714640.88628
106955624490.96895
106449444476.808
105945445606.7918
105416154166.41443
104882516999.40231
104398977929.33849
103901285425.81393
103390937443.99367
102939451905.59561
102481642421.31958
102018238930.92552
101606657140.72914
101204649873.45508
100775419976.96284
100320183806.95424
99882574385.9545
99399189362.35712
98879113175.7751
98343303078.64247
97823912630.3874
97298915910.26262
96779948171.47206
96305988995.87206
95798971836.45267
95250308107.31735
94703865817.78082
94231242416.29488
93737033251.17377
93198409857.96347
92511340162.83585
91789795135.78873
91005451206.55777
90216653938.86903
89439780111.26764
88658352290.58354
87901045844.16988
87240970359.76965
86522910033.83585
85765911715.60669
85077447288.53825
84426217820.48178
83776276130.00955
83135513333.64532
82565779950.16956
81962477806.43234
81331350803.1616
80808181417.34033
80306473684.63303
79791188748.57497
79293403933.37958
78957727750.23358
78620768157.02838
78272834955.65944
77996560260.2605
77757390091.86292
77505161477.8987
77269414367.41687
77183591232.55054
77119203937.53505
77067748999.29744
77143966020.0673
77327200253.17256
77556048579.29031
77824029828.46727
78124290011.4636
78408894658.48964
78675988715.97086
79007693163.11545
79315120010.30243
79600728883.77867
79927293371.38858
80286284468.2682
80612018436.09177
80911362758.56737
81277889868.99927
81632370203.7449
81921327916.40004
82222750146.83871
82568711757.9368
82881939909.30635
83167974452.32436
83487389301.27379
83771437849.03914
84012552536.36084
84242223461.15906
84493749561.52016
84710906180.88866
84862238461.023
85038666247.77385
85174047066.45839
85279226626.9193
85432959490.1102
85580806875.63812
85688730550.5314
85759085510.82593
85834451830.8487
85881735318.86784
85891313947.0173
85925809524.06598
85939177329.09969
85929742881.37564
85943727145.91774
86022119260.50336
86073537440.74046
86105412622.4127
86165798759.78401
86229942353.9194
86279699783.57693
86354537420.94113
86469465462.00809
86551975488.29688
86587058949.62231
86769854261.02167
86926891671.24364
87057178481.18275
87209799353.05893
87397501080.61014
87558616583.01132
87687652441.33034
87891663076.91325
88107168335.21536
88330291807.95215
88623541843.82779
88895831113.74245
89125779200.74321
89328378174.20201
89569073868.25735
89774683567.98305
89950669388.16765
90141750570.95512
90290182008.8007
90390244189.85654
90450423654.18158
90519136742.26022
90607277084.18883
90765415535.03094
91337746983.71387
91892081597.72646
92438417825.59123
93035881485.3712
93649820369.09253
94234612359.02803
94796525653.33902
95417424815.44997
96194116070.06424
97039898967.8477
97941314780.90405
98874409566.31097
99780529964.14268
100659243631.33293
101587574237.8317
102513479714.73547
103419082733.09694
104339506512.46167
105316462298.50008
106262300135.98354
107179371574.35056
108117542446.02014
109039900428.06685
109942843269.2772
110895449191.40561
111864902596.53525
112815806274.53033
113760845820.96167
114898174332.04514
116103560152.19579
117338781843.39238
118577985783.86551
119829236084.64215
121079547042.56581
122343337941.94514
123712820661.21179
125080815147.58539
126412950889.1728
127763803105.79538
129176033431.04932
130568633279.04889
131925611644.0766
133360506876.22284
134753484193.00085
136099431704.60033
137486659569.871
138874091704.0664
140222150282.42892
141550328289.28677
142898438911.33942
144214037646.48447
145498761887.93454
146834134512.449
148120245591.49908
149349645524.56335
150577369209.12582
151795544465.97662
152940134757.3526
154013607322.27115
155108097746.67746
156202943526.12088
157234541510.64807
158216179900.57654
159211487277.64508
160146837297.16116
161024601004.0064
162016711901.19394
163006233123.77393
163982979178.88123
165039924267.82474
166114174700.2693
167097762835.28217
167984071284.7385
168631421761.54437
169187658656.15894
169615810495.16937
169957884595.9225
170304565646.57495
170638175125.7167
170991109152.34442
171447032045.25705
171803753288.73846
172067905391.68967
172344040571.3989
172647728365.01474
172898579589.77103
173117406307.34818
173384253223.67963
173575907027.25812
173691879097.23337
173848629303.5402
173965770023.47293
174004627744.58145
173992600204.24203
173993154834.58966
173899968001.81345
173710214072.17184
173551409852.11566
173459564628.9027
173343473511.3577
173190237460.03516
173197498482.3714
173142173063.91733
173003555794.81406
172974652321.587
172968936201.61392
172947843741.79395
172969091026.97806
173192274533.67044
173394517148.30765
173537779006.677
173750396959.75748
173913478870.35754
174021595063.70898
174197953153.24387
174378925599.4343
174490586475.2263
174554414815.40836
