0.04171589841609912
0.04175750639816336
0.041805441873800045
0.041861359847561404
0.041930625640388595
0.042013504047877286
0.042087812859183386
0.042151133924411166
0.04222856963390729
0.04229408705757274
0.042344463255148186
0.042398281778901585
0.04246377351123525
0.04251699525187192
0.042560156339620854
0.042624803108286535
0.04268290913258307
0.042732590651508605
0.04278962438398236
0.04283940689611047
0.04287135819174322
0.042889832452686745
0.04292026061048531
0.04294237101406636
0.04295874719570276
0.04297751749227973
0.04306403585535547
0.04317308838188522
0.04328044806143925
0.04340742645682546
0.043527616607779894
0.043633886300790715
0.04374631412343805
0.043854681247944366
0.04394922568887246
0.04404282304235476
0.04414157990038703
0.04422899373966786
0.04430558190509523
0.04439089036801206
0.0444599730602661
0.044508707077400365
0.04454585529845771
0.044574889164366846
0.04458441313722595
0.04457408528483028
0.04457306834577596
0.0445513913823069
0.044510641103454526
0.04447114577861938
0.044424456269680154
0.04436211169917842
0.044288045181702235
0.04420810179527891
0.04410430432611083
0.04397936336044131
0.043854170341086185
0.043718225291623676
0.04355908194347747
0.04337768888865648
0.04319304402048324
0.04304416141597594
0.0429285451331302
0.042827550059009525
0.04271537617584828
0.04258447936463024
0.04244302061657996
0.04229198705341354
0.04212207796404236
0.04193483674483825
0.0417462475629016
0.04159893526408668
0.04146178514190589
0.04132237405695817
0.041182708688768464
0.041035087651710114
0.04088088650337632
0.04074148231126701
0.040588740427842905
0.04042077451440678
0.04025001738651494
0.0400868144037149
0.03991665839030703
0.03974020209239211
0.039590571369396324
0.03945106078589989
0.03931385571154026
0.039185981517825416
0.03907364174930538
0.038958144692201456
0.03883608067117127
0.03881165019023796
0.038780337078820004
0.038743760183422044
0.038712439114590935
0.0386740021673197
0.038622035443982905
0.03855899468316154
0.038545175703477416
0.038542310150612824
0.03854916440751127
0.038560948445961245
0.03856724417011148
0.038561674198397025
0.038545626704070496
0.03853765072993812
0.03852179534405824
0.03849727573591652
0.03848475980570155
0.038467614093016314
0.03843672319542627
0.03839435888970097
0.0383619950434925
0.038322534035181786
0.03827507205825871
0.038231923035563595
0.0381832514780806
0.038130290899518846
0.038089266433289574
0.038041253031704664
0.0379800216108362
0.03790644793961199
0.03782737047080569
0.03773212528470416
0.03762361579680684
0.037507413807409476
0.03739014231769376
0.03726861330088722
0.03714566896845969
0.03702308042330286
0.03688304170766915
0.03672196091896572
0.036540054510999245
0.036371574978593446
0.036193963261743976
0.03600168846395686
0.035772487479070914
0.03553349795034988
0.03527653349171101
0.035013512250259435
0.03474788260544589
0.0344798789096209
0.03421823302876914
0.033971979625468274
0.033713386971866495
0.03344790594148723
0.033199988832510186
0.03295653608429506
0.03271419309836668
0.03247532958578812
0.03225384230532333
0.032026810044490386
0.031797191663473126
0.031601677840190474
0.031419086538792516
0.03124291090554589
0.03108259473995195
0.03098222494614203
0.030889882887012467
0.030802947698523524
0.03073752088551033
0.030680150431464093
0.03062705472613151
0.03058553525578204
0.030567512843606065
0.030562817392091973
0.030572968925806042
0.030622953223009522
0.03071573117878173
0.03082836834786042
0.030946843434450765
0.031069987747953
0.03119244639684643
0.03131416018641437
0.03145091581120951
0.03158350546140058
0.031714303561449886
0.031855456980125776
0.032009598757106864
0.03215689011010861
0.03229625262104408
0.03244428589458957
0.032586209987972126
0.032715471721238384
0.03283877221563114
0.03297242697483292
0.033099332626578784
0.033219165577332795
0.03334213205167829
0.03345353443452542
0.03354841704402651
0.03363247404432458
0.03371074709628539
0.033775799760830436
0.033825573566570115
0.03387380504314969
0.03390997482415282
0.03393657210897766
0.03397266747614765
0.034006637662030735
0.03403045694395863
0.034043766509696725
0.03405086619962372
0.034043564414033126
0.03402404919439937
0.0340126679612446
0.03397918788938815
0.0339319347817523
0.03389133584104558
0.03386367184824428
0.03383301341449845
0.033801408067081484
0.0337759716378007
0.033749920471535806
0.03371914433935502
0.03369384550951704
0.03367846933581661
0.03365577491605878
0.03361987588003207
0.033629703393084305
0.03363097370624895
0.03362667329742914
0.03363444971913907
0.03365796602177004
0.033678759788380905
0.03369194938225656
0.033720489787786447
0.03375680476841277
0.03379950420175983
0.033864325002757364
0.03392886183669085
0.0339871882450652
0.03404040989831869
0.03410816263364611
0.034170357238415154
0.03422678508686374
0.034283431254616616
0.034331376973902886
0.03436782697376467
0.03439541908677402
0.034425446190158915
0.03445386430630383
0.034498863840747525
0.034676832639415386
0.03484714659596638
0.035018301086910134
0.03521094236429032
0.03540779660514682
0.03559577328598343
0.035776695890012575
0.035971711757839496
0.03617531843744028
0.03638306580610549
0.03660724851356865
0.0368357905422428
0.037054247074554604
0.03726094177004443
0.03746873665572802
0.037672751211454594
0.037868893899906345
0.038064031754514054
0.03827090996236847
0.03846506986263747
0.03864463688767105
0.03881680961275688
0.03897804008212911
0.039124245708554654
0.03926823858135363
0.03940551623838415
0.03953361579751206
0.039655938518312686
0.03979039505877379
0.03993810786953739
0.04009020896935146
0.0402326936343544
0.040376626184068544
0.04051915471715625
0.04066433954380983
0.04082900334373745
0.04098531943887475
0.0411303530647142
0.04128074032855881
0.041444185962472006
0.041598884952119476
0.04174121735112797
0.04190022052330767
0.04204531321270745
0.04217518493158069
0.04230772351240571
0.04243633793835009
0.04255296371161543
0.042662298324727
0.04277146268663292
0.04286887510271982
0.042954539929143665
0.043052026920185525
0.04313577359616236
0.04320491915007306
0.043270816353465094
0.043333425732155983
0.043379897798441085
0.04341156504095262
0.04344947298102813
0.04348953568498098
0.04352094231767428
0.04354364559071851
0.04356829830048213
0.04358125259301866
0.04358221293363706
0.04361262707994219
0.04364592081495955
0.04368105187285394
0.043743415784232687
0.04380831487598392
0.04385669366966575
0.043888434852912314
0.04386983422329235
0.04383400117178825
0.04376925633637219
0.04368713610559849
0.043613165179625046
0.043539502772375574
0.04347325851523017
0.043435645423546304
0.04338050282646493
0.04330872165441723
0.04324144164413461
0.04318499618496324
0.04312379420411207
0.043060613468073064
0.04301252226716267
0.042952876809113166
0.04288215863791227
0.04282204442852678
0.04275591349224645
0.042674676670580274
0.04258286099119715
0.042493995372108816
0.04238776118703591
0.042265507269272744
0.04215779009030684
0.04207240282676583
0.0419884412699839
0.04190012604418752
0.041854552348762994
0.0417977585306962
0.04172510019842789
0.041675420768508636
0.041630022492470414
0.041583160942240134
0.04155135037857597
0.04156985094158149
0.04158528828863728
0.04158842118988227
0.04161167834955301
0.04162821674897708
0.04163725204326175
0.041662467732195486
0.041689254956001974
0.04170532879367061
0.041715898416099115
