0.04216263430491928
0.04221094966914636
0.042263316193839745
0.042321245157726624
0.042391380185447095
0.04247485470864866
0.04254756917769617
0.04260680039282852
0.04267910253455375
0.04273655261446176
0.042775179792083916
0.042814035679058816
0.0428627639974726
0.04289571628964083
0.04291663255440443
0.04295790915478586
0.04299215869748293
0.04301740514922111
0.04304988956371409
0.04307371775609108
0.043077992201066305
0.043067542935965875
0.04306921541126846
0.04306122681337246
0.043045886291755917
0.04303478871264871
0.04310544907144884
0.043204712448594536
0.04330354732674796
0.043422649813809604
0.04353545422045483
0.04363506635777414
0.04374188964797455
0.04384435988416527
0.04393192086655521
0.044018360568068585
0.044109937585162205
0.04418941229438197
0.044257554893117
0.04433724180248403
0.04439934376744601
0.04443885618292588
0.04446650451737874
0.04448560001197795
0.04448272937927436
0.04445795362884466
0.04444105950405316
0.04440179687335749
0.044342771602067156
0.044287641757690496
0.04422367788986957
0.044143236275005354
0.044050105143386246
0.04395291818545416
0.04383212111419767
0.043689685319838696
0.04354529949369569
0.043389197478980256
0.043208628690658196
0.04300542263294687
0.04280085456059376
0.04263579292658284
0.04250976589100051
0.04241316240937905
0.0423049352847396
0.04217977555265159
0.04204871863589944
0.041909175624562575
0.04175118101745225
0.04157411385779401
0.041394957131331976
0.04125334810592575
0.041119384570206245
0.040985093469830966
0.040850342399815984
0.04070594731589466
0.04055332024674077
0.04041338756135721
0.040258068587984086
0.040085555584228015
0.03990871938567135
0.039741774788454066
0.039566597798900094
0.03938309503679586
0.039225998683965875
0.03907975241086066
0.03893471375530692
0.03879618234246641
0.038673092932661135
0.038545352994702776
0.03841113099718374
0.038369409284993626
0.03831984000325046
0.03826368099912004
0.03821170060407954
0.03815318950310499
0.038081091030342774
0.03799822620317741
0.03797228477070862
0.03795525413631457
0.03794680979860517
0.03794607191223885
0.03794209236584166
0.037925903245589095
0.03789854556903112
0.0378851531404777
0.03786461113611906
0.0378355363558065
0.03781922438421907
0.0377987698644921
0.03776503466190566
0.037721491053636286
0.03768850233884352
0.03764802591280233
0.03759932280582952
0.03755884426217123
0.037513284311536416
0.037463553410671833
0.037426566451188935
0.037385295793349906
0.03733168270281199
0.03726730700806544
0.03720093596365728
0.037118512901907985
0.03702286165747122
0.03691995207844959
0.036818373912674875
0.036713207819553825
0.03660800782540021
0.03650740353505355
0.036392162884371845
0.03625924447855468
0.03611358626460967
0.035985998096418635
0.03585059473921333
0.035700644518009673
0.035509453253418505
0.03530763903108453
0.03508699305952538
0.034862101262651546
0.034637209618869756
0.034410478485570016
0.03419045318731007
0.033991627395896624
0.03377868563220712
0.03355670962216903
0.033353426051897436
0.03315850211117352
0.032964894406098906
0.03277548304253765
0.03260593138544936
0.03242871484278353
0.032246631521152
0.03209975110650244
0.031962912581597606
0.03182754051415789
0.03170337691418965
0.03163662117118027
0.03157463660612849
0.031514264452743794
0.03147535849534697
0.031445997379405614
0.03141619397027772
0.03139402697969013
0.031406076517883
0.031427919820694074
0.031459459315146
0.031529217480531516
0.031635976155160124
0.03175842878354612
0.03188844998556739
0.03202405367781645
0.03215449395218816
0.032279035264783235
0.0324183168343331
0.03254953200440079
0.03267417671915092
0.03280752987749076
0.03294966854326676
0.033080708637501746
0.03320113842276582
0.03333322124953495
0.03345805813879313
0.03356536884688959
0.03366813867503974
0.03377986399795364
0.03388041208609522
0.03397029580453145
0.034063918512013514
0.03414325773889115
0.03420471007153336
0.034256003904628476
0.03430486793782596
0.03433932614377137
0.03435470005072087
0.0343709592359262
0.034372922789174
0.034363123299396565
0.034363663920432136
0.034361495965839
0.03434714387298701
0.03432134186582512
0.03429207217675535
0.03425049603632098
0.03419650285029236
0.03415136712786679
0.03408949404451866
0.034015931982587816
0.03395061687316105
0.03390276823361238
0.03385081068530963
0.0337966135722559
0.03375171465359354
0.03370825008501349
0.03366132165645494
0.033623371912786006
0.03359847730488906
0.033567063417938386
0.03352299870190814
0.03352742659903731
0.03352422013272901
0.03351511468247602
0.03351800053963502
0.03353612558834157
0.03355028291031947
0.033556724815228665
0.03358403874579679
0.03361904475223778
0.033659850699456685
0.03372323879540151
0.03378437476038531
0.033835926843187175
0.03388093776706397
0.03393879369887497
0.03398807905051446
0.03402952254607667
0.03407253799389251
0.03410451633257356
0.03412320316565996
0.034131054395427636
0.03414075755870154
0.0341524917251082
0.03418229687305248
0.03433963109160967
0.03448882797517385
0.034635531199521064
0.034799217620324445
0.03496590394850442
0.035121828978575576
0.035269240814216465
0.035432274893653644
0.03561790661023312
0.03581228594861341
0.03602080172331734
0.03623295246598879
0.036434608353064155
0.03662459371454526
0.036819171227585025
0.03701026639952467
0.03719334554372399
0.037375686911261495
0.03756827393615674
0.037746562792021286
0.03791061145326836
0.03807011097425045
0.038218231686268346
0.038352630152340306
0.038488574562987724
0.03861983581099226
0.03874085964279964
0.03885487427071263
0.038998459434455165
0.039156763898949516
0.039319788912759175
0.039474624526279756
0.03962934102463735
0.03978100407186774
0.03993365406941461
0.04010834373455563
0.04027630389311016
0.04043201738715314
0.040590443627804916
0.040760724485588117
0.04092108981063667
0.0410676173386387
0.04122966003897136
0.04137632996509424
0.04150632298456086
0.0416402450686038
0.04177065765794662
0.04188746625514709
0.04199610978561713
0.04210575950515293
0.042203959609092546
0.04229125907049724
0.04239124798051216
0.04247746358180207
0.042549454517587924
0.04261968881896966
0.04268702141074812
0.04273793661200267
0.04277341821503855
0.04281608511887817
0.04286366690151545
0.04290300201383001
0.04293441538833645
0.04297096546343802
0.04299742001194731
0.04301398511256207
0.043066746818944145
0.0431246777443399
0.04318543132238497
0.0432745080845617
0.0433684438942643
0.04344600264390078
0.04350634330171241
0.043514094487205286
0.0435048215482562
0.04346488092770587
0.043407129015633025
0.04335829890223949
0.04331030866700658
0.043272176056474355
0.043263651296424996
0.0432359732621468
0.04319078589232252
0.0431507984206516
0.04312097111972669
0.04308452923872191
0.04304516138446576
0.04302131657542016
0.042983926283451566
0.04293394626545989
0.04289592172615033
0.042852006409329485
0.042791915295392106
0.04272108608145423
0.04265501322712239
0.04256951365190004
0.04246520417920869
0.04237423129998968
0.04230336567977137
0.0422320324319129
0.04215508267071511
0.042118362564971604
0.04206919665609898
0.04200333983578276
0.04196301958987706
0.041929375594024515
0.041894153203066574
0.041872477726458315
0.04190723968431843
0.04193894829822551
0.04195706061232071
0.04199518650310941
0.04202469278136211
0.04204449067543279
0.04208149556478529
0.04211999681932632
0.042145187638826
0.04216263430491927
