0.02149179596393984
0.021518817177330587
0.021548018206234473
0.02157890144301057
0.021616551286929887
0.021661858368448954
0.021702046740549926
0.02173592662003708
0.021777458978963993
0.0218123778939902
0.02183857350867002
0.021865491117980015
0.021898752694899527
0.02192423435879036
0.02194324752114951
0.021973555224920286
0.02200020108149623
0.022022699370541052
0.022050462259731157
0.02207417492494596
0.02208794971771513
0.02209501043826281
0.022108389013188238
0.02211660503347191
0.02212124568471069
0.02212933185012684
0.022175709448179974
0.02223539903961663
0.022295324021297865
0.022366535837182767
0.022434418462065706
0.022495812941454817
0.022562397738863347
0.022627007307279942
0.022683828891759843
0.022741264030048496
0.022801913747905446
0.022855657907796298
0.022903304300967285
0.02295945239413773
0.023006394363544694
0.02304167463562749
0.023070941361382935
0.02309644387320275
0.02310919005402468
0.023108979876504572
0.023113720566062902
0.023106914947264755
0.023090232687276956
0.02307617414975345
0.023055863611783446
0.023026534057799114
0.02299094599732776
0.02295385796830454
0.022904098371220594
0.02284242936191214
0.02277908397039829
0.02270934535310365
0.022625747693481423
0.022528719629897772
0.022431191894540518
0.02235332549689462
0.022295402683326776
0.02226077564508052
0.022219091713863062
0.02217110690132888
0.022126095876892543
0.022077398952386952
0.022019265924203477
0.02195016651431601
0.021879825971134283
0.021831159626285353
0.021788295518603156
0.0217486504328365
0.02170998860387204
0.02166560693345989
0.02161608108578395
0.021574673451715702
0.02152485985737086
0.02146520078080509
0.0214039948948884
0.02135086919720766
0.021293332365862783
0.02123084916631705
0.021182094454297255
0.021138555490520697
0.021094970995652874
0.021055452321916697
0.02102493792940511
0.020991891616255216
0.020955308096333225
0.020972262391810235
0.02098596107368882
0.0209961211438513
0.021009770073899887
0.02102093157919832
0.021025402381810034
0.021025818693366595
0.02105802426408368
0.021094935969386285
0.02113709865726636
0.021186662319816363
0.02123685063882719
0.021280402504922524
0.021317042501475175
0.021366997612977705
0.021413185670657472
0.021454312722584648
0.02150351221575098
0.0215508171175147
0.021590894302953148
0.021627184436795944
0.021669568962322337
0.021706428108123153
0.02173749866606272
0.02177598862252428
0.021810291149305844
0.021839830243421947
0.021875872933597267
0.02191046468288646
0.02193642643839996
0.021954432511701927
0.0219725977103027
0.021978942187822235
0.021975142842681233
0.021965465756548258
0.021955997420554006
0.02194275355158283
0.02192794686730904
0.02191944152146338
0.021902197100154727
0.021874929382080487
0.021845653962708975
0.021829262973454402
0.021806955810746886
0.021774231456336255
0.021710513076531292
0.02163816772403234
0.021552125186119903
0.021463663205605256
0.021376078341656408
0.021286225650306308
0.02120081499805116
0.02113353851461077
0.021053592782875375
0.020965109049485373
0.020889819033843716
0.020821157517210632
0.020752144098096722
0.02068442246747276
0.020630867682787116
0.020569785465667817
0.02050233226373753
0.020456810116126763
0.02041539567355938
0.020370360376743706
0.020328565223276897
0.020319887231216097
0.0203104417977707
0.02029823610269915
0.020300183768741806
0.020309346557288596
0.020315311865865444
0.02032361930074818
0.0203624643987514
0.020404964840352025
0.020449098933785517
0.0205187521028999
0.020609606597776206
0.020708911356250425
0.020814993951694453
0.02092614402587931
0.021031986769185586
0.021132131352264803
0.02124382982463589
0.021347614522362546
0.021444010042931085
0.021546428949960485
0.02165259754022909
0.02174843037758031
0.021835113036197232
0.02193251744318449
0.02202337467480218
0.022096332267748684
0.02216771229906032
0.022244649706777087
0.022310262668022007
0.022365779490162756
0.022423844140916867
0.022469934295342643
0.022502058790373047
0.022527297968401885
0.02255307437962923
0.022566972717560158
0.022562357874513654
0.022559016782857457
0.022543033220406326
0.02251639409871778
0.022496788197396752
0.022472600308359177
0.02243640444209487
0.022389130916256945
0.02234003820211903
0.022282291391248592
0.022214274143909564
0.02214930057540211
0.0220784010526259
0.022000655921529885
0.021926842987579204
0.021866122399558183
0.021798250453632845
0.02172549362691184
0.021658562995670504
0.021592218118361674
0.021522496748716223
0.02145828627667728
0.021402264494181217
0.02134024071128192
0.021268154985247287
0.021227884725629975
0.021182047823834607
0.021131276348573
0.021085852276092977
0.021047980998434163
0.021004991212624117
0.020955777434153434
0.0209225301199671
0.020892004707727823
0.02086306111171768
0.02084869457860835
0.02083006658424023
0.020802831339951314
0.02077006502246082
0.020744553702869463
0.02071194224687092
0.020673253991035607
0.02063723677366578
0.02059251893019208
0.02053763184441082
0.020474866023271966
0.020412897401424206
0.020354369243014647
0.020308718055550967
0.0203417677865117
0.02036943311009061
0.0203938098729514
0.0204263672967896
0.02045956561363206
0.020485295936388186
0.02050417741866286
0.020532068174450274
0.020586068157666372
0.020650195635991447
0.020721055285475732
0.02079442024351258
0.020859745744488813
0.020916707396336744
0.02097925186714346
0.021037299778075096
0.021088410910263703
0.021138568727231386
0.02119498144647396
0.021241682307408315
0.021279694564365396
0.02131774168066788
0.02134923874962066
0.021373163369917337
0.021401900736843088
0.021429950563369406
0.021451123036034962
0.02146693300941652
0.02151154155891921
0.021563420624782396
0.021616764118058657
0.021665947563626303
0.021713778132359134
0.021757740075401905
0.021800351503880096
0.021856015011195683
0.021907994009584326
0.021951302803802836
0.021993967012555612
0.022043411266079147
0.02208695596802363
0.02212174945417998
0.022166603177895938
0.022202353241855655
0.022228544850495822
0.02225960652779366
0.022288835467130202
0.022310864526693633
0.022328914556690036
0.022349011774331847
0.022363987377330065
0.02237405831781928
0.02239179525168454
0.022402517393801752
0.022406049130314323
0.022410030549491054
0.0224144521405951
0.02241005848155016
0.02239757138485224
0.022390037723625245
0.022385827227250524
0.022375482551360175
0.022361363517887138
0.022352288390001394
0.022338976556020036
0.022321642309039536
0.022323046598301425
0.022328550825614496
0.02233599067331757
0.02235796891843488
0.022386051813846983
0.02240624774575639
0.022417769553296198
0.02240151228098285
0.022377165718522482
0.02234109813781628
0.022297574707489096
0.022258461560883916
0.02222156946775425
0.022190911106910596
0.02217695778972288
0.02215334112691961
0.022121167657349013
0.022093650410273846
0.022072383626393167
0.022047326943772778
0.022020469959743234
0.022002630213951862
0.02197728586514156
0.021944985304731147
0.021919844232590593
0.021891916627999514
0.021856129718687906
0.02181610899934572
0.021779738846821883
0.021733482075942966
0.021676996644092554
0.021626524638693398
0.0215860880297894
0.02154463230970195
0.021500397915068803
0.021477768848533477
0.021449135738544917
0.021412211661467628
0.021390253814202162
0.02137277032037073
0.021355346102831463
0.021344750254378708
0.021360473608583456
0.02137529035767104
0.021384353451842305
0.02140353364087034
0.02141815003483249
0.02142736147703366
0.021446564662895247
0.021467627960517426
0.02148193512433543
0.021491795963939832
