 numangles= 181
  g= 5.86634D-01
   scat. angle           m2               m1              s21              d21           phase func.      polarization  
    0.0000D+00       7.5337D+00       7.5337D+00       7.5337D+00       0.0000D+00       7.5337D+00       0.0000D+00
    1.0000D+00       7.5266D+00       7.5269D+00       7.5268D+00       1.0726D-03       7.5268D+00       2.1456D-05
    2.0000D+00       7.5053D+00       7.5066D+00       7.5059D+00       4.2761D-03       7.5059D+00       8.5818D-05
    3.0000D+00       7.4700D+00       7.4729D+00       7.4714D+00       9.5677D-03       7.4714D+00       1.9307D-04
    4.0000D+00       7.4209D+00       7.4260D+00       7.4234D+00       1.6877D-02       7.4234D+00       3.4317D-04
    5.0000D+00       7.3584D+00       7.3663D+00       7.3623D+00       2.6107D-02       7.3624D+00       5.3610D-04
    6.0000D+00       7.2830D+00       7.2943D+00       7.2885D+00       3.7137D-02       7.2886D+00       7.7181D-04
    7.0000D+00       7.1953D+00       7.2104D+00       7.2025D+00       4.9824D-02       7.2028D+00       1.0503D-03
    8.0000D+00       7.0958D+00       7.1153D+00       7.1051D+00       6.4005D-02       7.1056D+00       1.3714D-03
    9.0000D+00       6.9853D+00       7.0096D+00       6.9967D+00       7.9501D-02       6.9975D+00       1.7353D-03
    1.0000D+01       6.8646D+00       6.8941D+00       6.8782D+00       9.6121D-02       6.8793D+00       2.1418D-03
    1.1000D+01       6.7345D+00       6.7695D+00       6.7503D+00       1.1366D-01       6.7520D+00       2.5911D-03
    1.2000D+01       6.5958D+00       6.6366D+00       6.6139D+00       1.3192D-01       6.6162D+00       3.0833D-03
    1.3000D+01       6.4495D+00       6.4963D+00       6.4698D+00       1.5068D-01       6.4729D+00       3.6184D-03
    1.4000D+01       6.2965D+00       6.3495D+00       6.3189D+00       1.6973D-01       6.3230D+00       4.1967D-03
    1.5000D+01       6.1376D+00       6.1970D+00       6.1621D+00       1.8887D-01       6.1673D+00       4.8184D-03
    1.6000D+01       5.9739D+00       6.0398D+00       6.0003D+00       2.0790D-01       6.0068D+00       5.4840D-03
    1.7000D+01       5.8062D+00       5.8785D+00       5.8343D+00       2.2662D-01       5.8424D+00       6.1940D-03
    1.8000D+01       5.6354D+00       5.7143D+00       5.6651D+00       2.4487D-01       5.6748D+00       6.9488D-03
    1.9000D+01       5.4624D+00       5.5477D+00       5.4934D+00       2.6248D-01       5.5050D+00       7.7494D-03
    2.0000D+01       5.2880D+00       5.3797D+00       5.3201D+00       2.7930D-01       5.3338D+00       8.5964D-03
    2.1000D+01       5.1130D+00       5.2110D+00       5.1459D+00       2.9520D-01       5.1620D+00       9.4910D-03
    2.2000D+01       4.9381D+00       5.0422D+00       4.9716D+00       3.1007D-01       4.9902D+00       1.0434D-02
    2.3000D+01       4.7640D+00       4.8742D+00       4.7978D+00       3.2382D-01       4.8191D+00       1.1428D-02
    2.4000D+01       4.5914D+00       4.7074D+00       4.6252D+00       3.3637D-01       4.6494D+00       1.2473D-02
    2.5000D+01       4.4207D+00       4.5424D+00       4.4544D+00       3.4766D-01       4.4816D+00       1.3571D-02
    2.6000D+01       4.2526D+00       4.3797D+00       4.2859D+00       3.5766D-01       4.3162D+00       1.4724D-02
    2.7000D+01       4.0875D+00       4.2198D+00       4.1201D+00       3.6634D-01       4.1537D+00       1.5934D-02
    2.8000D+01       3.9257D+00       4.0631D+00       3.9575D+00       3.7371D-01       3.9944D+00       1.7204D-02
    2.9000D+01       3.7677D+00       3.9100D+00       3.7985D+00       3.7976D-01       3.8388D+00       1.8535D-02
    3.0000D+01       3.6136D+00       3.7606D+00       3.6432D+00       3.8452D-01       3.6871D+00       1.9930D-02
    3.1000D+01       3.4638D+00       3.6152D+00       3.4921D+00       3.8803D-01       3.5395D+00       2.1391D-02
    3.2000D+01       3.3184D+00       3.4741D+00       3.3452D+00       3.9033D-01       3.3963D+00       2.2922D-02
    3.3000D+01       3.1776D+00       3.3374D+00       3.2028D+00       3.9147D-01       3.2575D+00       2.4525D-02
    3.4000D+01       3.0415D+00       3.2051D+00       3.0650D+00       3.9151D-01       3.1233D+00       2.6202D-02
    3.5000D+01       2.9101D+00       3.0774D+00       2.9319D+00       3.9053D-01       2.9937D+00       2.7957D-02
    3.6000D+01       2.7834D+00       2.9543D+00       2.8035D+00       3.8858D-01       2.8689D+00       2.9792D-02
    3.7000D+01       2.6615D+00       2.8358D+00       2.6798D+00       3.8575D-01       2.7487D+00       3.1710D-02
    3.8000D+01       2.5444D+00       2.7219D+00       2.5608D+00       3.8210D-01       2.6331D+00       3.3713D-02
    3.9000D+01       2.4319D+00       2.6125D+00       2.4465D+00       3.7771D-01       2.5222D+00       3.5804D-02
    4.0000D+01       2.3240D+00       2.5075D+00       2.3368D+00       3.7266D-01       2.4158D+00       3.7986D-02
    4.1000D+01       2.2206D+00       2.4069D+00       2.2317D+00       3.6702D-01       2.3138D+00       4.0261D-02
    4.2000D+01       2.1217D+00       2.3106D+00       2.1309D+00       3.6086D-01       2.2161D+00       4.2630D-02
    4.3000D+01       2.0270D+00       2.2184D+00       2.0345D+00       3.5425D-01       2.1227D+00       4.5095D-02
    4.4000D+01       1.9365D+00       2.1303D+00       1.9423D+00       3.4725D-01       2.0334D+00       4.7658D-02
    4.5000D+01       1.8500D+00       2.0461D+00       1.8542D+00       3.3992D-01       1.9480D+00       5.0320D-02
    4.6000D+01       1.7674D+00       1.9656D+00       1.7700D+00       3.3232D-01       1.8665D+00       5.3081D-02
    4.7000D+01       1.6886D+00       1.8887D+00       1.6895D+00       3.2450D-01       1.7887D+00       5.5943D-02
    4.8000D+01       1.6134D+00       1.8154D+00       1.6128D+00       3.1651D-01       1.7144D+00       5.8905D-02
    4.9000D+01       1.5417D+00       1.7454D+00       1.5395D+00       3.0840D-01       1.6435D+00       6.1967D-02
    5.0000D+01       1.4733D+00       1.6786D+00       1.4696D+00       3.0021D-01       1.5759D+00       6.5129D-02
    5.1000D+01       1.4081D+00       1.6148D+00       1.4030D+00       2.9197D-01       1.5115D+00       6.8390D-02
    5.2000D+01       1.3459D+00       1.5540D+00       1.3394D+00       2.8371D-01       1.4500D+00       7.1748D-02
    5.3000D+01       1.2867D+00       1.4960D+00       1.2787D+00       2.7547D-01       1.3914D+00       7.5201D-02
    5.4000D+01       1.2303D+00       1.4406D+00       1.2209D+00       2.6727D-01       1.3355D+00       7.8748D-02
    5.5000D+01       1.1766D+00       1.3878D+00       1.1657D+00       2.5913D-01       1.2822D+00       8.2385D-02
    5.6000D+01       1.1254D+00       1.3374D+00       1.1131D+00       2.5107D-01       1.2314D+00       8.6110D-02
    5.7000D+01       1.0766D+00       1.2893D+00       1.0629D+00       2.4311D-01       1.1830D+00       8.9920D-02
    5.8000D+01       1.0302D+00       1.2434D+00       1.0151D+00       2.3526D-01       1.1368D+00       9.3810D-02
    5.9000D+01       9.8592D-01       1.1996D+00       9.6941D-01       2.2754D-01       1.0928D+00       9.7776D-02
    6.0000D+01       9.4380D-01       1.1578D+00       9.2584D-01       2.1995D-01       1.0508D+00       1.0181D-01
    6.1000D+01       9.0369D-01       1.1178D+00       8.8426D-01       2.1250D-01       1.0107D+00       1.0592D-01
    6.2000D+01       8.6550D-01       1.0796D+00       8.4457D-01       2.0520D-01       9.7256D-01       1.1008D-01
    6.3000D+01       8.2914D-01       1.0431D+00       8.0668D-01       1.9805D-01       9.3614D-01       1.1430D-01
    6.4000D+01       7.9452D-01       1.0083D+00       7.7050D-01       1.9106D-01       9.0140D-01       1.1857D-01
    6.5000D+01       7.6156D-01       9.7494D-01       7.3595D-01       1.8423D-01       8.6825D-01       1.2288D-01
    6.6000D+01       7.3019D-01       9.4306D-01       7.0293D-01       1.7756D-01       8.3663D-01       1.2722D-01
    6.7000D+01       7.0033D-01       9.1257D-01       6.7139D-01       1.7105D-01       8.0645D-01       1.3159D-01
    6.8000D+01       6.7191D-01       8.8339D-01       6.4125D-01       1.6470D-01       7.7765D-01       1.3597D-01
    6.9000D+01       6.4487D-01       8.5547D-01       6.1243D-01       1.5851D-01       7.5017D-01       1.4037D-01
    7.0000D+01       6.1913D-01       8.2873D-01       5.8487D-01       1.5248D-01       7.2393D-01       1.4476D-01
    7.1000D+01       5.9465D-01       8.0313D-01       5.5851D-01       1.4661D-01       6.9889D-01       1.4915D-01
    7.2000D+01       5.7137D-01       7.7861D-01       5.3330D-01       1.4089D-01       6.7499D-01       1.5351D-01
    7.3000D+01       5.4922D-01       7.5510D-01       5.0917D-01       1.3533D-01       6.5216D-01       1.5785D-01
    7.4000D+01       5.2816D-01       7.3258D-01       4.8608D-01       1.2992D-01       6.3037D-01       1.6214D-01
    7.5000D+01       5.0814D-01       7.1098D-01       4.6397D-01       1.2465D-01       6.0956D-01       1.6638D-01
    7.6000D+01       4.8912D-01       6.9027D-01       4.4280D-01       1.1953D-01       5.8970D-01       1.7055D-01
    7.7000D+01       4.7105D-01       6.7040D-01       4.2252D-01       1.1455D-01       5.7072D-01       1.7465D-01
    7.8000D+01       4.5388D-01       6.5133D-01       4.0309D-01       1.0971D-01       5.5261D-01       1.7866D-01
    7.9000D+01       4.3758D-01       6.3303D-01       3.8447D-01       1.0501D-01       5.3531D-01       1.8256D-01
    8.0000D+01       4.2211D-01       6.1546D-01       3.6663D-01       1.0043D-01       5.1879D-01       1.8634D-01
    8.1000D+01       4.0744D-01       5.9858D-01       3.4951D-01       9.5987D-02       5.0301D-01       1.9000D-01
    8.2000D+01       3.9353D-01       5.8237D-01       3.3311D-01       9.1668D-02       4.8795D-01       1.9351D-01
    8.3000D+01       3.8034D-01       5.6679D-01       3.1737D-01       8.7472D-02       4.7356D-01       1.9686D-01
    8.4000D+01       3.6785D-01       5.5182D-01       3.0226D-01       8.3394D-02       4.5983D-01       2.0004D-01
    8.5000D+01       3.5602D-01       5.3742D-01       2.8777D-01       7.9433D-02       4.4672D-01       2.0303D-01
    8.6000D+01       3.4483D-01       5.2357D-01       2.7386D-01       7.5584D-02       4.3420D-01       2.0582D-01
    8.7000D+01       3.3426D-01       5.1025D-01       2.6050D-01       7.1845D-02       4.2226D-01       2.0840D-01
    8.8000D+01       3.2427D-01       4.9744D-01       2.4767D-01       6.8213D-02       4.1086D-01       2.1074D-01
    8.9000D+01       3.1485D-01       4.8510D-01       2.3534D-01       6.4684D-02       3.9997D-01       2.1283D-01
    9.0000D+01       3.0596D-01       4.7323D-01       2.2350D-01       6.1257D-02       3.8959D-01       2.1467D-01
    9.1000D+01       2.9759D-01       4.6179D-01       2.1212D-01       5.7928D-02       3.7969D-01       2.1623D-01
    9.2000D+01       2.8971D-01       4.5077D-01       2.0118D-01       5.4695D-02       3.7024D-01       2.1751D-01
    9.3000D+01       2.8231D-01       4.4016D-01       1.9065D-01       5.1556D-02       3.6124D-01       2.1848D-01
    9.4000D+01       2.7537D-01       4.2993D-01       1.8053D-01       4.8507D-02       3.5265D-01       2.1914D-01
    9.5000D+01       2.6887D-01       4.2007D-01       1.7079D-01       4.5547D-02       3.4447D-01       2.1947D-01
    9.6000D+01       2.6278D-01       4.1056D-01       1.6142D-01       4.2673D-02       3.3667D-01       2.1947D-01
    9.7000D+01       2.5710D-01       4.0139D-01       1.5240D-01       3.9883D-02       3.2925D-01       2.1911D-01
    9.8000D+01       2.5181D-01       3.9254D-01       1.4370D-01       3.7176D-02       3.2218D-01       2.1840D-01
    9.9000D+01       2.4689D-01       3.8400D-01       1.3533D-01       3.4549D-02       3.1545D-01       2.1732D-01
    1.0000D+02       2.4233D-01       3.7575D-01       1.2726D-01       3.2001D-02       3.0904D-01       2.1587D-01
    1.0100D+02       2.3811D-01       3.6779D-01       1.1948D-01       2.9531D-02       3.0295D-01       2.1403D-01
    1.0200D+02       2.3422D-01       3.6010D-01       1.1198D-01       2.7137D-02       2.9716D-01       2.1180D-01
    1.0300D+02       2.3065D-01       3.5267D-01       1.0474D-01       2.4817D-02       2.9166D-01       2.0918D-01
    1.0400D+02       2.2738D-01       3.4548D-01       9.7754D-02       2.2572D-02       2.8643D-01       2.0617D-01
    1.0500D+02       2.2440D-01       3.3854D-01       9.1005D-02       2.0400D-02       2.8147D-01       2.0276D-01
    1.0600D+02       2.2170D-01       3.3182D-01       8.4483D-02       1.8299D-02       2.7676D-01       1.9894D-01
    1.0700D+02       2.1926D-01       3.2531D-01       7.8178D-02       1.6271D-02       2.7229D-01       1.9474D-01
    1.0800D+02       2.1708D-01       3.1902D-01       7.2077D-02       1.4315D-02       2.6805D-01       1.9014D-01
    1.0900D+02       2.1515D-01       3.1292D-01       6.6171D-02       1.2430D-02       2.6403D-01       1.8515D-01
    1.1000D+02       2.1344D-01       3.0701D-01       6.0449D-02       1.0617D-02       2.6023D-01       1.7977D-01
    1.1100D+02       2.1196D-01       3.0128D-01       5.4900D-02       8.8767D-03       2.5662D-01       1.7403D-01
    1.1200D+02       2.1069D-01       2.9572D-01       4.9515D-02       7.2091D-03       2.5320D-01       1.6791D-01
    1.1300D+02       2.0961D-01       2.9032D-01       4.4283D-02       5.6155D-03       2.4997D-01       1.6144D-01
    1.1400D+02       2.0872D-01       2.8508D-01       3.9196D-02       4.0970D-03       2.4690D-01       1.5464D-01
    1.1500D+02       2.0801D-01       2.7999D-01       3.4243D-02       2.6552D-03       2.4400D-01       1.4750D-01
    1.1600D+02       2.0746D-01       2.7503D-01       2.9415D-02       1.2917D-03       2.4124D-01       1.4006D-01
    1.1700D+02       2.0706D-01       2.7021D-01       2.4703D-02       8.6928D-06       2.3863D-01       1.3233D-01
    1.1800D+02       2.0680D-01       2.6552D-01       2.0097D-02      -1.1916D-03       2.3616D-01       1.2432D-01
    1.1900D+02       2.0667D-01       2.6094D-01       1.5589D-02      -2.3068D-03       2.3380D-01       1.1606D-01
    1.2000D+02       2.0665D-01       2.5647D-01       1.1168D-02      -3.3339D-03       2.3156D-01       1.0758D-01
    1.2100D+02       2.0673D-01       2.5211D-01       6.8266D-03      -4.2700D-03       2.2942D-01       9.8894D-02
    1.2200D+02       2.0691D-01       2.4785D-01       2.5548D-03      -5.1120D-03       2.2738D-01       9.0030D-02
    1.2300D+02       2.0716D-01       2.4369D-01      -1.6559D-03      -5.8565D-03       2.2542D-01       8.1014D-02
    1.2400D+02       2.0747D-01       2.3961D-01      -5.8145D-03      -6.5001D-03       2.2354D-01       7.1876D-02
    1.2500D+02       2.0784D-01       2.3562D-01      -9.9299D-03      -7.0393D-03       2.2173D-01       6.2643D-02
    1.2600D+02       2.0824D-01       2.3170D-01      -1.4011D-02      -7.4707D-03       2.1997D-01       5.3345D-02
    1.2700D+02       2.0866D-01       2.2787D-01      -1.8065D-02      -7.7910D-03       2.1826D-01       4.4013D-02
    1.2800D+02       2.0908D-01       2.2411D-01      -2.2102D-02      -7.9969D-03       2.1659D-01       3.4678D-02
    1.2900D+02       2.0951D-01       2.2041D-01      -2.6129D-02      -8.0856D-03       2.1496D-01       2.5373D-02
    1.3000D+02       2.0991D-01       2.1679D-01      -3.0155D-02      -8.0546D-03       2.1335D-01       1.6131D-02
    1.3100D+02       2.1028D-01       2.1324D-01      -3.4186D-02      -7.9019D-03       2.1176D-01       6.9837D-03
    1.3200D+02       2.1061D-01       2.0976D-01      -3.8231D-02      -7.6262D-03       2.1019D-01      -2.0332D-03
    1.3300D+02       2.1089D-01       2.0635D-01      -4.2296D-02      -7.2269D-03       2.0862D-01      -1.0886D-02
    1.3400D+02       2.1110D-01       2.0301D-01      -4.6389D-02      -6.7044D-03       2.0705D-01      -1.9538D-02
    1.3500D+02       2.1123D-01       1.9974D-01      -5.0514D-02      -6.0599D-03       2.0549D-01      -2.7955D-02
    1.3600D+02       2.1129D-01       1.9656D-01      -5.4677D-02      -5.2961D-03       2.0392D-01      -3.6100D-02
    1.3700D+02       2.1125D-01       1.9347D-01      -5.8884D-02      -4.4165D-03       2.0236D-01      -4.3935D-02
    1.3800D+02       2.1112D-01       1.9047D-01      -6.3139D-02      -3.4266D-03       2.0080D-01      -5.1425D-02
    1.3900D+02       2.1090D-01       1.8758D-01      -6.7445D-02      -2.3328D-03       1.9924D-01      -5.8530D-02
    1.4000D+02       2.1058D-01       1.8479D-01      -7.1804D-02      -1.1435D-03       1.9769D-01      -6.5212D-02
    1.4100D+02       2.1016D-01       1.8214D-01      -7.6220D-02       1.3156D-04       1.9615D-01      -7.1435D-02
    1.4200D+02       2.0966D-01       1.7962D-01      -8.0693D-02       1.4809D-03       1.9464D-01      -7.7159D-02
    1.4300D+02       2.0906D-01       1.7725D-01      -8.5224D-02       2.8914D-03       1.9316D-01      -8.2348D-02
    1.4400D+02       2.0840D-01       1.7505D-01      -8.9811D-02       4.3484D-03       1.9172D-01      -8.6965D-02
    1.4500D+02       2.0766D-01       1.7303D-01      -9.4453D-02       5.8359D-03       1.9034D-01      -9.0977D-02
    1.4600D+02       2.0687D-01       1.7120D-01      -9.9147D-02       7.3365D-03       1.8904D-01      -9.4352D-02
    1.4700D+02       2.0604D-01       1.6958D-01      -1.0389D-01       8.8315D-03       1.8781D-01      -9.7062D-02
    1.4800D+02       2.0519D-01       1.6820D-01      -1.0868D-01       1.0302D-02       1.8669D-01      -9.9084D-02
    1.4900D+02       2.0434D-01       1.6705D-01      -1.1350D-01       1.1727D-02       1.8569D-01      -1.0040D-01
    1.5000D+02       2.0350D-01       1.6616D-01      -1.1836D-01       1.3086D-02       1.8483D-01      -1.0100D-01
    1.5100D+02       2.0269D-01       1.6554D-01      -1.2324D-01       1.4360D-02       1.8412D-01      -1.0088D-01
    1.5200D+02       2.0194D-01       1.6521D-01      -1.2813D-01       1.5529D-02       1.8358D-01      -1.0005D-01
    1.5300D+02       2.0127D-01       1.6516D-01      -1.3304D-01       1.6573D-02       1.8322D-01      -9.8527D-02
    1.5400D+02       2.0069D-01       1.6542D-01      -1.3793D-01       1.7476D-02       1.8305D-01      -9.6332D-02
    1.5500D+02       2.0022D-01       1.6598D-01      -1.4281D-01       1.8220D-02       1.8310D-01      -9.3506D-02
    1.5600D+02       1.9988D-01       1.6684D-01      -1.4766D-01       1.8793D-02       1.8336D-01      -9.0095D-02
    1.5700D+02       1.9968D-01       1.6800D-01      -1.5247D-01       1.9183D-02       1.8384D-01      -8.6159D-02
    1.5800D+02       1.9964D-01       1.6946D-01      -1.5723D-01       1.9383D-02       1.8455D-01      -8.1763D-02
    1.5900D+02       1.9976D-01       1.7121D-01      -1.6192D-01       1.9387D-02       1.8548D-01      -7.6979D-02
    1.6000D+02       2.0006D-01       1.7322D-01      -1.6652D-01       1.9194D-02       1.8664D-01      -7.1886D-02
    1.6100D+02       2.0052D-01       1.7549D-01      -1.7103D-01       1.8807D-02       1.8800D-01      -6.6566D-02
    1.6200D+02       2.0115D-01       1.7799D-01      -1.7542D-01       1.8231D-02       1.8957D-01      -6.1098D-02
    1.6300D+02       2.0194D-01       1.8068D-01      -1.7969D-01       1.7478D-02       1.9131D-01      -5.5564D-02
    1.6400D+02       2.0289D-01       1.8355D-01      -1.8381D-01       1.6562D-02       1.9322D-01      -5.0039D-02
    1.6500D+02       2.0397D-01       1.8655D-01      -1.8778D-01       1.5499D-02       1.9526D-01      -4.4596D-02
    1.6600D+02       2.0516D-01       1.8965D-01      -1.9157D-01       1.4311D-02       1.9741D-01      -3.9300D-02
    1.6700D+02       2.0646D-01       1.9280D-01      -1.9518D-01       1.3023D-02       1.9963D-01      -3.4207D-02
    1.6800D+02       2.0782D-01       1.9596D-01      -1.9858D-01       1.1661D-02       2.0189D-01      -2.9367D-02
    1.6900D+02       2.0923D-01       1.9909D-01      -2.0177D-01       1.0253D-02       2.0416D-01      -2.4822D-02
    1.7000D+02       2.1065D-01       2.0214D-01      -2.0473D-01       8.8304D-03       2.0640D-01      -2.0606D-02
    1.7100D+02       2.1206D-01       2.0507D-01      -2.0745D-01       7.4235D-03       2.0856D-01      -1.6747D-02
    1.7200D+02       2.1342D-01       2.0783D-01      -2.0992D-01       6.0630D-03       2.1062D-01      -1.3263D-02
    1.7300D+02       2.1470D-01       2.1038D-01      -2.1212D-01       4.7793D-03       2.1254D-01      -1.0170D-02
    1.7400D+02       2.1588D-01       2.1268D-01      -2.1405D-01       3.6009D-03       2.1428D-01      -7.4793D-03
    1.7500D+02       2.1693D-01       2.1469D-01      -2.1570D-01       2.5544D-03       2.1581D-01      -5.1968D-03
    1.7600D+02       2.1782D-01       2.1638D-01      -2.1705D-01       1.6634D-03       2.1710D-01      -3.3268D-03
    1.7700D+02       2.1854D-01       2.1772D-01      -2.1812D-01       9.4838D-04       2.1813D-01      -1.8715D-03
    1.7800D+02       2.1907D-01       2.1870D-01      -2.1888D-01       4.2558D-04       2.1888D-01      -8.3176D-04
    1.7900D+02       2.1939D-01       2.1929D-01      -2.1934D-01       1.0701D-04       2.1934D-01      -2.0793D-04
    1.8000D+02       2.1949D-01       2.1949D-01      -2.1949D-01      -7.2079D-18       2.1949D-01       0.0000D+00
