 numangles= 181
  g= 5.85366D-01
   scat. angle           m2               m1              s21              d21           phase func.      polarization  
    0.0000D+00       8.8540D+00       8.8540D+00       8.8540D+00       0.0000D+00       8.8540D+00       0.0000D+00
    1.0000D+00       8.8424D+00       8.8423D+00       8.8424D+00       1.6075D-03       8.8424D+00      -7.2893D-06
    2.0000D+00       8.8079D+00       8.8073D+00       8.8076D+00       6.3965D-03       8.8076D+00      -2.9109D-05
    3.0000D+00       8.7507D+00       8.7496D+00       8.7501D+00       1.4267D-02       8.7501D+00      -6.5313D-05
    4.0000D+00       8.6716D+00       8.6696D+00       8.6705D+00       2.5057D-02       8.6706D+00      -1.1565D-04
    5.0000D+00       8.5715D+00       8.5684D+00       8.5697D+00       3.8544D-02       8.5699D+00      -1.7973D-04
    6.0000D+00       8.4514D+00       8.4471D+00       8.4488D+00       5.4456D-02       8.4492D+00      -2.5706D-04
    7.0000D+00       8.3127D+00       8.3070D+00       8.3091D+00       7.2479D-02       8.3099D+00      -3.4695D-04
    8.0000D+00       8.1570D+00       8.1496D+00       8.1521D+00       9.2260D-02       8.1533D+00      -4.4854D-04
    9.0000D+00       7.9857D+00       7.9767D+00       7.9793D+00       1.1343D-01       7.9812D+00      -5.6074D-04
    1.0000D+01       7.8006D+00       7.7899D+00       7.7925D+00       1.3559D-01       7.7952D+00      -6.8225D-04
    1.1000D+01       7.6035D+00       7.5911D+00       7.5934D+00       1.5836D-01       7.5973D+00      -8.1144D-04
    1.2000D+01       7.3962D+00       7.3822D+00       7.3838D+00       1.8134D-01       7.3892D+00      -9.4644D-04
    1.3000D+01       7.1805D+00       7.1650D+00       7.1657D+00       2.0417D-01       7.1728D+00      -1.0850D-03
    1.4000D+01       6.9583D+00       6.9413D+00       6.9408D+00       2.2650D-01       6.9498D+00      -1.2246D-03
    1.5000D+01       6.7313D+00       6.7130D+00       6.7108D+00       2.4801D-01       6.7222D+00      -1.3622D-03
    1.6000D+01       6.5011D+00       6.4817D+00       6.4775D+00       2.6842D-01       6.4914D+00      -1.4947D-03
    1.7000D+01       6.2693D+00       6.2491D+00       6.2424D+00       2.8748D-01       6.2592D+00      -1.6184D-03
    1.8000D+01       6.0374D+00       6.0165D+00       6.0070D+00       3.0500D-01       6.0269D+00      -1.7293D-03
    1.9000D+01       5.8066D+00       5.7854D+00       5.7727D+00       3.2082D-01       5.7960D+00      -1.8232D-03
    2.0000D+01       5.5781D+00       5.5570D+00       5.5408D+00       3.3482D-01       5.5676D+00      -1.8956D-03
    2.1000D+01       5.3530D+00       5.3323D+00       5.3122D+00       3.4694D-01       5.3427D+00      -1.9417D-03
    2.2000D+01       5.1322D+00       5.1122D+00       5.0879D+00       3.5714D-01       5.1222D+00      -1.9568D-03
    2.3000D+01       4.9165D+00       4.8975D+00       4.8688D+00       3.6543D-01       4.9070D+00      -1.9359D-03
    2.4000D+01       4.7064D+00       4.6888D+00       4.6555D+00       3.7184D-01       4.6976D+00      -1.8741D-03
    2.5000D+01       4.5025D+00       4.4867D+00       4.4486D+00       3.7644D-01       4.4946D+00      -1.7664D-03
    2.6000D+01       4.3052D+00       4.2914D+00       4.2484D+00       3.7931D-01       4.2983D+00      -1.6082D-03
    2.7000D+01       4.1147D+00       4.1033D+00       4.0553D+00       3.8057D-01       4.1090D+00      -1.3950D-03
    2.8000D+01       3.9313D+00       3.9225D+00       3.8695D+00       3.8032D-01       3.9269D+00      -1.1224D-03
    2.9000D+01       3.7550D+00       3.7491D+00       3.6910D+00       3.7870D-01       3.7520D+00      -7.8658D-04
    3.0000D+01       3.5858D+00       3.5831D+00       3.5200D+00       3.7584D-01       3.5844D+00      -3.8390D-04
    3.1000D+01       3.4237D+00       3.4244D+00       3.3563D+00       3.7188D-01       3.4240D+00       8.8894D-05
    3.2000D+01       3.2687D+00       3.2729D+00       3.1999D+00       3.6694D-01       3.2708D+00       6.3468D-04
    3.3000D+01       3.1205D+00       3.1284D+00       3.0507D+00       3.6117D-01       3.1245D+00       1.2560D-03
    3.4000D+01       2.9791D+00       2.9908D+00       2.9084D+00       3.5469D-01       2.9849D+00       1.9551D-03
    3.5000D+01       2.8441D+00       2.8597D+00       2.7728D+00       3.4761D-01       2.8519D+00       2.7338D-03
    3.6000D+01       2.7155D+00       2.7351D+00       2.6438D+00       3.4004D-01       2.7253D+00       3.5938D-03
    3.7000D+01       2.5929D+00       2.6166D+00       2.5210D+00       3.3208D-01       2.6048D+00       4.5367D-03
    3.8000D+01       2.4762D+00       2.5039D+00       2.4042D+00       3.2382D-01       2.4901D+00       5.5636D-03
    3.9000D+01       2.3650D+00       2.3968D+00       2.2932D+00       3.1534D-01       2.3809D+00       6.6757D-03
    4.0000D+01       2.2592D+00       2.2951D+00       2.1876D+00       3.0671D-01       2.2772D+00       7.8740D-03
    4.1000D+01       2.1585D+00       2.1984D+00       2.0872D+00       2.9799D-01       2.1785D+00       9.1594D-03
    4.2000D+01       2.0627D+00       2.1066D+00       1.9918D+00       2.8923D-01       2.0846D+00       1.0533D-02
    4.3000D+01       1.9715D+00       2.0194D+00       1.9011D+00       2.8048D-01       1.9954D+00       1.1995D-02
    4.4000D+01       1.8847D+00       1.9364D+00       1.8149D+00       2.7178D-01       1.9106D+00       1.3546D-02
    4.5000D+01       1.8021D+00       1.8577D+00       1.7329D+00       2.6316D-01       1.8299D+00       1.5187D-02
    4.6000D+01       1.7235D+00       1.7828D+00       1.6549D+00       2.5464D-01       1.7531D+00       1.6918D-02
    4.7000D+01       1.6486D+00       1.7116D+00       1.5807D+00       2.4624D-01       1.6801D+00       1.8738D-02
    4.8000D+01       1.5774D+00       1.6439D+00       1.5101D+00       2.3799D-01       1.6106D+00       2.0648D-02
    4.9000D+01       1.5096D+00       1.5795D+00       1.4429D+00       2.2990D-01       1.5445D+00       2.2646D-02
    5.0000D+01       1.4450D+00       1.5183D+00       1.3789D+00       2.2197D-01       1.4816D+00       2.4731D-02
    5.1000D+01       1.3835D+00       1.4600D+00       1.3180D+00       2.1421D-01       1.4217D+00       2.6901D-02
    5.2000D+01       1.3249D+00       1.4045D+00       1.2600D+00       2.0664D-01       1.3647D+00       2.9153D-02
    5.3000D+01       1.2692D+00       1.3517D+00       1.2047D+00       1.9925D-01       1.3104D+00       3.1485D-02
    5.4000D+01       1.2160D+00       1.3013D+00       1.1521D+00       1.9204D-01       1.2587D+00       3.3892D-02
    5.5000D+01       1.1654D+00       1.2534D+00       1.1018D+00       1.8502D-01       1.2094D+00       3.6371D-02
    5.6000D+01       1.1171D+00       1.2076D+00       1.0539D+00       1.7819D-01       1.1624D+00       3.8917D-02
    5.7000D+01       1.0712D+00       1.1640D+00       1.0082D+00       1.7154D-01       1.1176D+00       4.1523D-02
    5.8000D+01       1.0274D+00       1.1223D+00       9.6462D-01       1.6508D-01       1.0749D+00       4.4184D-02
    5.9000D+01       9.8560D-01       1.0826D+00       9.2298D-01       1.5879D-01       1.0341D+00       4.6893D-02
    6.0000D+01       9.4580D-01       1.0446D+00       8.8323D-01       1.5268D-01       9.9520D-01       4.9643D-02
    6.1000D+01       9.0785D-01       1.0083D+00       8.4525D-01       1.4674D-01       9.5808D-01       5.2426D-02
    6.2000D+01       8.7168D-01       9.7361D-01       8.0896D-01       1.4096D-01       9.2265D-01       5.5237D-02
    6.3000D+01       8.3720D-01       9.4042D-01       7.7427D-01       1.3535D-01       8.8881D-01       5.8066D-02
    6.4000D+01       8.0432D-01       9.0865D-01       7.4110D-01       1.2990D-01       8.5649D-01       6.0905D-02
    6.5000D+01       7.7298D-01       8.7825D-01       7.0939D-01       1.2460D-01       8.2561D-01       6.3748D-02
    6.6000D+01       7.4310D-01       8.4912D-01       6.7904D-01       1.1945D-01       7.9611D-01       6.6587D-02
    6.7000D+01       7.1462D-01       8.2123D-01       6.5001D-01       1.1444D-01       7.6792D-01       6.9413D-02
    6.8000D+01       6.8747D-01       7.9450D-01       6.2222D-01       1.0956D-01       7.4098D-01       7.2221D-02
    6.9000D+01       6.6159D-01       7.6887D-01       5.9563D-01       1.0482D-01       7.1523D-01       7.5002D-02
    7.0000D+01       6.3692D-01       7.4431D-01       5.7016D-01       1.0021D-01       6.9061D-01       7.7750D-02
    7.1000D+01       6.1341D-01       7.2075D-01       5.4577D-01       9.5715D-02       6.6708D-01       8.0459D-02
    7.2000D+01       5.9101D-01       6.9816D-01       5.2241D-01       9.1343D-02       6.4458D-01       8.3121D-02
    7.3000D+01       5.6966D-01       6.7650D-01       5.0004D-01       8.7086D-02       6.2308D-01       8.5731D-02
    7.4000D+01       5.4933D-01       6.5571D-01       4.7860D-01       8.2940D-02       6.0252D-01       8.8281D-02
    7.5000D+01       5.2997D-01       6.3578D-01       4.5806D-01       7.8902D-02       5.8287D-01       9.0767D-02
    7.6000D+01       5.1153D-01       6.1666D-01       4.3838D-01       7.4970D-02       5.6409D-01       9.3180D-02
    7.7000D+01       4.9398D-01       5.9831D-01       4.1951D-01       7.1139D-02       5.4615D-01       9.5515D-02
    7.8000D+01       4.7728D-01       5.8072D-01       4.0143D-01       6.7409D-02       5.2900D-01       9.7763D-02
    7.9000D+01       4.6140D-01       5.6384D-01       3.8410D-01       6.3777D-02       5.1262D-01       9.9919D-02
    8.0000D+01       4.4629D-01       5.4765D-01       3.6749D-01       6.0240D-02       4.9697D-01       1.0197D-01
    8.1000D+01       4.3194D-01       5.3212D-01       3.5156D-01       5.6797D-02       4.8203D-01       1.0392D-01
    8.2000D+01       4.1830D-01       5.1722D-01       3.3628D-01       5.3447D-02       4.6776D-01       1.0574D-01
    8.3000D+01       4.0535D-01       5.0293D-01       3.2164D-01       5.0188D-02       4.5414D-01       1.0744D-01
    8.4000D+01       3.9306D-01       4.8923D-01       3.0759D-01       4.7018D-02       4.4115D-01       1.0899D-01
    8.5000D+01       3.8141D-01       4.7607D-01       2.9411D-01       4.3936D-02       4.2874D-01       1.1039D-01
    8.6000D+01       3.7037D-01       4.6346D-01       2.8119D-01       4.0941D-02       4.1691D-01       1.1163D-01
    8.7000D+01       3.5992D-01       4.5134D-01       2.6878D-01       3.8031D-02       4.0563D-01       1.1269D-01
    8.8000D+01       3.5003D-01       4.3972D-01       2.5688D-01       3.5205D-02       3.9488D-01       1.1357D-01
    8.9000D+01       3.4068D-01       4.2856D-01       2.4545D-01       3.2462D-02       3.8462D-01       1.1424D-01
    9.0000D+01       3.3186D-01       4.1784D-01       2.3448D-01       2.9800D-02       3.7485D-01       1.1469D-01
    9.1000D+01       3.2354D-01       4.0754D-01       2.2394D-01       2.7217D-02       3.6554D-01       1.1491D-01
    9.2000D+01       3.1569D-01       3.9764D-01       2.1382D-01       2.4711D-02       3.5667D-01       1.1488D-01
    9.3000D+01       3.0832D-01       3.8813D-01       2.0409D-01       2.2281D-02       3.4822D-01       1.1459D-01
    9.4000D+01       3.0139D-01       3.7898D-01       1.9474D-01       1.9925D-02       3.4018D-01       1.1403D-01
    9.5000D+01       2.9489D-01       3.7017D-01       1.8575D-01       1.7640D-02       3.3253D-01       1.1318D-01
    9.6000D+01       2.8881D-01       3.6169D-01       1.7710D-01       1.5424D-02       3.2525D-01       1.1203D-01
    9.7000D+01       2.8313D-01       3.5352D-01       1.6879D-01       1.3274D-02       3.1832D-01       1.1057D-01
    9.8000D+01       2.7783D-01       3.4565D-01       1.6078D-01       1.1188D-02       3.1174D-01       1.0878D-01
    9.9000D+01       2.7290D-01       3.3807D-01       1.5307D-01       9.1633D-03       3.0549D-01       1.0666D-01
    1.0000D+02       2.6833D-01       3.3076D-01       1.4565D-01       7.1975D-03       2.9955D-01       1.0419D-01
    1.0100D+02       2.6411D-01       3.2370D-01       1.3850D-01       5.2877D-03       2.9391D-01       1.0138D-01
    1.0200D+02       2.6022D-01       3.1690D-01       1.3161D-01       3.4314D-03       2.8856D-01       9.8202D-02
    1.0300D+02       2.5666D-01       3.1033D-01       1.2497D-01       1.6262D-03       2.8350D-01       9.4663D-02
    1.0400D+02       2.5341D-01       3.0400D-01       1.1857D-01      -1.3028D-04       2.7870D-01       9.0757D-02
    1.0500D+02       2.5046D-01       2.9788D-01       1.1240D-01      -1.8401D-03       2.7417D-01       8.6481D-02
    1.0600D+02       2.4781D-01       2.9198D-01       1.0644D-01      -3.5050D-03       2.6989D-01       8.1834D-02
    1.0700D+02       2.4544D-01       2.8628D-01       1.0071D-01      -5.1266D-03       2.6586D-01       7.6814D-02
    1.0800D+02       2.4335D-01       2.8079D-01       9.5171D-02      -6.7059D-03       2.6207D-01       7.1424D-02
    1.0900D+02       2.4153D-01       2.7548D-01       8.9832D-02      -8.2439D-03       2.5851D-01       6.5665D-02
    1.1000D+02       2.3998D-01       2.7037D-01       8.4683D-02      -9.7407D-03       2.5518D-01       5.9541D-02
    1.1100D+02       2.3869D-01       2.6543D-01       7.9717D-02      -1.1196D-02       2.5206D-01       5.3054D-02
    1.1200D+02       2.3765D-01       2.6068D-01       7.4925D-02      -1.2610D-02       2.4916D-01       4.6212D-02
    1.1300D+02       2.3685D-01       2.5609D-01       7.0302D-02      -1.3980D-02       2.4647D-01       3.9018D-02
    1.1400D+02       2.3630D-01       2.5166D-01       6.5840D-02      -1.5305D-02       2.4398D-01       3.1481D-02
    1.1500D+02       2.3598D-01       2.4740D-01       6.1533D-02      -1.6583D-02       2.4169D-01       2.3609D-02
    1.1600D+02       2.3590D-01       2.4328D-01       5.7372D-02      -1.7811D-02       2.3959D-01       1.5409D-02
    1.1700D+02       2.3604D-01       2.3931D-01       5.3351D-02      -1.8985D-02       2.3767D-01       6.8921D-03
    1.1800D+02       2.3639D-01       2.3548D-01       4.9461D-02      -2.0100D-02       2.3594D-01      -1.9312D-03
    1.1900D+02       2.3696D-01       2.3179D-01       4.5692D-02      -2.1153D-02       2.3437D-01      -1.1049D-02
    1.2000D+02       2.3774D-01       2.2821D-01       4.2037D-02      -2.2138D-02       2.3298D-01      -2.0448D-02
    1.2100D+02       2.3871D-01       2.2476D-01       3.8485D-02      -2.3049D-02       2.3174D-01      -3.0114D-02
    1.2200D+02       2.3988D-01       2.2141D-01       3.5026D-02      -2.3880D-02       2.3064D-01      -4.0030D-02
    1.2300D+02       2.4122D-01       2.1817D-01       3.1648D-02      -2.4622D-02       2.2970D-01      -5.0181D-02
    1.2400D+02       2.4273D-01       2.1502D-01       2.8341D-02      -2.5269D-02       2.2888D-01      -6.0546D-02
    1.2500D+02       2.4441D-01       2.1196D-01       2.5092D-02      -2.5812D-02       2.2818D-01      -7.1106D-02
    1.2600D+02       2.4622D-01       2.0897D-01       2.1888D-02      -2.6241D-02       2.2760D-01      -8.1836D-02
    1.2700D+02       2.4817D-01       2.0606D-01       1.8716D-02      -2.6547D-02       2.2711D-01      -9.2714D-02
    1.2800D+02       2.5023D-01       2.0321D-01       1.5562D-02      -2.6720D-02       2.2672D-01      -1.0371D-01
    1.2900D+02       2.5239D-01       2.0041D-01       1.2411D-02      -2.6748D-02       2.2640D-01      -1.1480D-01
    1.3000D+02       2.5463D-01       1.9766D-01       9.2488D-03      -2.6620D-02       2.2614D-01      -1.2595D-01
    1.3100D+02       2.5692D-01       1.9496D-01       6.0593D-03      -2.6322D-02       2.2594D-01      -1.3713D-01
    1.3200D+02       2.5925D-01       1.9229D-01       2.8269D-03      -2.5843D-02       2.2577D-01      -1.4829D-01
    1.3300D+02       2.6159D-01       1.8965D-01      -4.6499D-04      -2.5169D-02       2.2562D-01      -1.5941D-01
    1.3400D+02       2.6391D-01       1.8705D-01      -3.8331D-03      -2.4286D-02       2.2548D-01      -1.7044D-01
    1.3500D+02       2.6619D-01       1.8447D-01      -7.2949D-03      -2.3181D-02       2.2533D-01      -1.8132D-01
    1.3600D+02       2.6839D-01       1.8192D-01      -1.0868D-02      -2.1841D-02       2.2516D-01      -1.9203D-01
    1.3700D+02       2.7050D-01       1.7940D-01      -1.4572D-02      -2.0253D-02       2.2495D-01      -2.0249D-01
    1.3800D+02       2.7248D-01       1.7692D-01      -1.8425D-02      -1.8406D-02       2.2470D-01      -2.1266D-01
    1.3900D+02       2.7431D-01       1.7447D-01      -2.2447D-02      -1.6291D-02       2.2439D-01      -2.2247D-01
    1.4000D+02       2.7596D-01       1.7208D-01      -2.6659D-02      -1.3900D-02       2.2402D-01      -2.3185D-01
    1.4100D+02       2.7740D-01       1.6976D-01      -3.1082D-02      -1.1230D-02       2.2358D-01      -2.4073D-01
    1.4200D+02       2.7862D-01       1.6752D-01      -3.5739D-02      -8.2789D-03       2.2307D-01      -2.4903D-01
    1.4300D+02       2.7959D-01       1.6539D-01      -4.0651D-02      -5.0517D-03       2.2249D-01      -2.5666D-01
    1.4400D+02       2.8032D-01       1.6339D-01      -4.5844D-02      -1.5577D-03       2.2186D-01      -2.6352D-01
    1.4500D+02       2.8079D-01       1.6157D-01      -5.1341D-02       2.1879D-03       2.2118D-01      -2.6951D-01
    1.4600D+02       2.8101D-01       1.5996D-01      -5.7167D-02       6.1628D-03       2.2048D-01      -2.7452D-01
    1.4700D+02       2.8099D-01       1.5860D-01      -6.3346D-02       1.0338D-02       2.1980D-01      -2.7843D-01
    1.4800D+02       2.8076D-01       1.5755D-01      -6.9905D-02       1.4675D-02       2.1916D-01      -2.8111D-01
    1.4900D+02       2.8034D-01       1.5686D-01      -7.6866D-02       1.9131D-02       2.1860D-01      -2.8243D-01
    1.5000D+02       2.7978D-01       1.5660D-01      -8.4254D-02       2.3652D-02       2.1819D-01      -2.8228D-01
    1.5100D+02       2.7913D-01       1.5682D-01      -9.2090D-02       2.8178D-02       2.1798D-01      -2.8055D-01
    1.5200D+02       2.7844D-01       1.5760D-01      -1.0039D-01       3.2641D-02       2.1802D-01      -2.7713D-01
    1.5300D+02       2.7780D-01       1.5901D-01      -1.0918D-01       3.6970D-02       2.1840D-01      -2.7195D-01
    1.5400D+02       2.7726D-01       1.6110D-01      -1.1846D-01       4.1087D-02       2.1918D-01      -2.6498D-01
    1.5500D+02       2.7692D-01       1.6396D-01      -1.2824D-01       4.4912D-02       2.2044D-01      -2.5623D-01
    1.5600D+02       2.7687D-01       1.6763D-01      -1.3853D-01       4.8365D-02       2.2225D-01      -2.4576D-01
    1.5700D+02       2.7717D-01       1.7217D-01      -1.4931D-01       5.1368D-02       2.2467D-01      -2.3368D-01
    1.5800D+02       2.7792D-01       1.7762D-01      -1.6057D-01       5.3848D-02       2.2777D-01      -2.2018D-01
    1.5900D+02       2.7918D-01       1.8400D-01      -1.7229D-01       5.5736D-02       2.3159D-01      -2.0549D-01
    1.6000D+02       2.8103D-01       1.9134D-01      -1.8443D-01       5.6978D-02       2.3619D-01      -1.8988D-01
    1.6100D+02       2.8352D-01       1.9962D-01      -1.9694D-01       5.7528D-02       2.4157D-01      -1.7366D-01
    1.6200D+02       2.8667D-01       2.0881D-01      -2.0978D-01       5.7358D-02       2.4774D-01      -1.5715D-01
    1.6300D+02       2.9051D-01       2.1886D-01      -2.2287D-01       5.6456D-02       2.5469D-01      -1.4066D-01
    1.6400D+02       2.9503D-01       2.2970D-01      -2.3613D-01       5.4830D-02       2.6236D-01      -1.2449D-01
    1.6500D+02       3.0020D-01       2.4123D-01      -2.4947D-01       5.2506D-02       2.7071D-01      -1.0890D-01
    1.6600D+02       3.0596D-01       2.5333D-01      -2.6280D-01       4.9534D-02       2.7965D-01      -9.4112D-02
    1.6700D+02       3.1225D-01       2.6584D-01      -2.7599D-01       4.5981D-02       2.8905D-01      -8.0285D-02
    1.6800D+02       3.1896D-01       2.7860D-01      -2.8893D-01       4.1935D-02       2.9878D-01      -6.7539D-02
    1.6900D+02       3.2597D-01       2.9143D-01      -3.0149D-01       3.7501D-02       3.0870D-01      -5.5946D-02
    1.7000D+02       3.3315D-01       3.0413D-01      -3.1355D-01       3.2799D-02       3.1864D-01      -4.5539D-02
    1.7100D+02       3.4033D-01       3.1648D-01      -3.2496D-01       2.7959D-02       3.2840D-01      -3.6318D-02
    1.7200D+02       3.4736D-01       3.2827D-01      -3.3561D-01       2.3121D-02       3.3781D-01      -2.8258D-02
    1.7300D+02       3.5407D-01       3.3928D-01      -3.4535D-01       1.8427D-02       3.4668D-01      -2.1319D-02
    1.7400D+02       3.6029D-01       3.4932D-01      -3.5407D-01       1.4016D-02       3.5480D-01      -1.5451D-02
    1.7500D+02       3.6586D-01       3.5819D-01      -3.6167D-01       1.0023D-02       3.6202D-01      -1.0600D-02
    1.7600D+02       3.7064D-01       3.6570D-01      -3.6802D-01       6.5703D-03       3.6817D-01      -6.7141D-03
    1.7700D+02       3.7451D-01       3.7171D-01      -3.7306D-01       3.7652D-03       3.7311D-01      -3.7453D-03
    1.7800D+02       3.7734D-01       3.7610D-01      -3.7671D-01       1.6958D-03       3.7672D-01      -1.6544D-03
    1.7900D+02       3.7908D-01       3.7877D-01      -3.7892D-01       4.2734D-04       3.7892D-01      -4.1207D-04
    1.8000D+02       3.7966D-01       3.7966D-01      -3.7966D-01      -4.2115D-19       3.7966D-01       0.0000D+00
