 numangles= 181
  g= 4.37525D-01
   scat. angle           m2               m1              s21              d21           phase func.      polarization  
    0.0000D+00       5.4920D+00       5.4920D+00       5.4920D+00       0.0000D+00       5.4920D+00       0.0000D+00
    1.0000D+00       5.4871D+00       5.4890D+00       5.4880D+00       1.2611D-03       5.4880D+00       1.8112D-04
    2.0000D+00       5.4721D+00       5.4801D+00       5.4761D+00       5.0333D-03       5.4761D+00       7.2445D-04
    3.0000D+00       5.4474D+00       5.4652D+00       5.4562D+00       1.1283D-02       5.4563D+00       1.6299D-03
    4.0000D+00       5.4129D+00       5.4444D+00       5.4286D+00       1.9956D-02       5.4287D+00       2.8971D-03
    5.0000D+00       5.3690D+00       5.4178D+00       5.3933D+00       3.0976D-02       5.3934D+00       4.5259D-03
    6.0000D+00       5.3159D+00       5.3857D+00       5.3504D+00       4.4247D-02       5.3508D+00       6.5157D-03
    7.0000D+00       5.2540D+00       5.3480D+00       5.3003D+00       5.9654D-02       5.3010D+00       8.8660D-03
    8.0000D+00       5.1836D+00       5.3050D+00       5.2432D+00       7.7064D-02       5.2443D+00       1.1576D-02
    9.0000D+00       5.1051D+00       5.2568D+00       5.1792D+00       9.6330D-02       5.1810D+00       1.4645D-02
    1.0000D+01       5.0190D+00       5.2038D+00       5.1088D+00       1.1729D-01       5.1114D+00       1.8071D-02
    1.1000D+01       4.9259D+00       5.1460D+00       5.0323D+00       1.3977D-01       5.0360D+00       2.1854D-02
    1.2000D+01       4.8263D+00       5.0839D+00       4.9499D+00       1.6358D-01       4.9551D+00       2.5991D-02
    1.3000D+01       4.7207D+00       5.0175D+00       4.8621D+00       1.8854D-01       4.8691D+00       3.0481D-02
    1.4000D+01       4.6098D+00       4.9473D+00       4.7692D+00       2.1444D-01       4.7785D+00       3.5320D-02
    1.5000D+01       4.4940D+00       4.8735D+00       4.6717D+00       2.4109D-01       4.6838D+00       4.0507D-02
    1.6000D+01       4.3742D+00       4.7963D+00       4.5700D+00       2.6828D-01       4.5853D+00       4.6038D-02
    1.7000D+01       4.2507D+00       4.7162D+00       4.4644D+00       2.9581D-01       4.4835D+00       5.1909D-02
    1.8000D+01       4.1244D+00       4.6334D+00       4.3555D+00       3.2348D-01       4.3789D+00       5.8115D-02
    1.9000D+01       3.9958D+00       4.5481D+00       4.2436D+00       3.5110D-01       4.2720D+00       6.4652D-02
    2.0000D+01       3.8654D+00       4.4608D+00       4.1292D+00       3.7848D-01       4.1631D+00       7.1514D-02
    2.1000D+01       3.7339D+00       4.3717D+00       4.0126D+00       4.0544D-01       4.0528D+00       7.8693D-02
    2.2000D+01       3.6018D+00       4.2812D+00       3.8944D+00       4.3181D-01       3.9415D+00       8.6184D-02
    2.3000D+01       3.4696D+00       4.1894D+00       3.7749D+00       4.5744D-01       3.8295D+00       9.3977D-02
    2.4000D+01       3.3379D+00       4.0967D+00       3.6545D+00       4.8217D-01       3.7173D+00       1.0206D-01
    2.5000D+01       3.2071D+00       4.0034D+00       3.5335D+00       5.0588D-01       3.6053D+00       1.1043D-01
    2.6000D+01       3.0777D+00       3.9098D+00       3.4125D+00       5.2844D-01       3.4938D+00       1.1908D-01
    2.7000D+01       2.9501D+00       3.8160D+00       3.2916D+00       5.4976D-01       3.3831D+00       1.2798D-01
    2.8000D+01       2.8246D+00       3.7224D+00       3.1713D+00       5.6973D-01       3.2735D+00       1.3713D-01
    2.9000D+01       2.7016D+00       3.6291D+00       3.0518D+00       5.8828D-01       3.1654D+00       1.4651D-01
    3.0000D+01       2.5814D+00       3.5364D+00       2.9335D+00       6.0536D-01       3.0589D+00       1.5611D-01
    3.1000D+01       2.4642D+00       3.4445D+00       2.8165D+00       6.2092D-01       2.9543D+00       1.6592D-01
    3.2000D+01       2.3502D+00       3.3536D+00       2.7013D+00       6.3491D-01       2.8519D+00       1.7590D-01
    3.3000D+01       2.2398D+00       3.2637D+00       2.5879D+00       6.4733D-01       2.7517D+00       1.8606D-01
    3.4000D+01       2.1329D+00       3.1752D+00       2.4766D+00       6.5817D-01       2.6540D+00       1.9636D-01
    3.5000D+01       2.0298D+00       3.0881D+00       2.3675D+00       6.6743D-01       2.5589D+00       2.0679D-01
    3.6000D+01       1.9304D+00       3.0025D+00       2.2609D+00       6.7512D-01       2.4665D+00       2.1732D-01
    3.7000D+01       1.8350D+00       2.9185D+00       2.1568D+00       6.8129D-01       2.3768D+00       2.2794D-01
    3.8000D+01       1.7435D+00       2.8363D+00       2.0554D+00       6.8595D-01       2.2899D+00       2.3862D-01
    3.9000D+01       1.6559D+00       2.7560D+00       1.9568D+00       6.8916D-01       2.2059D+00       2.4935D-01
    4.0000D+01       1.5722D+00       2.6775D+00       1.8610D+00       6.9097D-01       2.1248D+00       2.6009D-01
    4.1000D+01       1.4924D+00       2.6009D+00       1.7682D+00       6.9143D-01       2.0467D+00       2.7083D-01
    4.2000D+01       1.4164D+00       2.5264D+00       1.6783D+00       6.9062D-01       1.9714D+00       2.8154D-01
    4.3000D+01       1.3441D+00       2.4539D+00       1.5913D+00       6.8859D-01       1.8990D+00       2.9220D-01
    4.4000D+01       1.2755D+00       2.3834D+00       1.5074D+00       6.8542D-01       1.8295D+00       3.0279D-01
    4.5000D+01       1.2105D+00       2.3150D+00       1.4265D+00       6.8118D-01       1.7628D+00       3.1329D-01
    4.6000D+01       1.1490D+00       2.2486D+00       1.3485D+00       6.7594D-01       1.6988D+00       3.2367D-01
    4.7000D+01       1.0907D+00       2.1843D+00       1.2735D+00       6.6979D-01       1.6375D+00       3.3392D-01
    4.8000D+01       1.0358D+00       2.1221D+00       1.2014D+00       6.6280D-01       1.5789D+00       3.4401D-01
    4.9000D+01       9.8387D-01       2.0618D+00       1.1322D+00       6.5504D-01       1.5229D+00       3.5393D-01
    5.0000D+01       9.3496D-01       2.0036D+00       1.0658D+00       6.4658D-01       1.4693D+00       3.6366D-01
    5.1000D+01       8.8889D-01       1.9473D+00       1.0021D+00       6.3751D-01       1.4181D+00       3.7318D-01
    5.2000D+01       8.4553D-01       1.8930D+00       9.4115D-01       6.2788D-01       1.3692D+00       3.8249D-01
    5.3000D+01       8.0475D-01       1.8405D+00       8.8281D-01       6.1778D-01       1.3226D+00       3.9155D-01
    5.4000D+01       7.6643D-01       1.7899D+00       8.2701D-01       6.0725D-01       1.2782D+00       4.0037D-01
    5.5000D+01       7.3043D-01       1.7411D+00       7.7367D-01       5.9637D-01       1.2358D+00       4.0894D-01
    5.6000D+01       6.9663D-01       1.6941D+00       7.2272D-01       5.8519D-01       1.1954D+00       4.1723D-01
    5.7000D+01       6.6491D-01       1.6488D+00       6.7407D-01       5.7377D-01       1.1568D+00       4.2524D-01
    5.8000D+01       6.3516D-01       1.6051D+00       6.2763D-01       5.6216D-01       1.1201D+00       4.3297D-01
    5.9000D+01       6.0726D-01       1.5631D+00       5.8333D-01       5.5041D-01       1.0852D+00       4.4041D-01
    6.0000D+01       5.8111D-01       1.5226D+00       5.4107D-01       5.3856D-01       1.0519D+00       4.4754D-01
    6.1000D+01       5.5660D-01       1.4836D+00       5.0078D-01       5.2665D-01       1.0201D+00       4.5438D-01
    6.2000D+01       5.3364D-01       1.4461D+00       4.6236D-01       5.1472D-01       9.8989D-01       4.6091D-01
    6.3000D+01       5.1214D-01       1.4100D+00       4.2575D-01       5.0281D-01       9.6108D-01       4.6712D-01
    6.4000D+01       4.9200D-01       1.3753D+00       3.9085D-01       4.9094D-01       9.3364D-01       4.7303D-01
    6.5000D+01       4.7315D-01       1.3418D+00       3.5759D-01       4.7914D-01       9.0749D-01       4.7862D-01
    6.6000D+01       4.5550D-01       1.3096D+00       3.2590D-01       4.6744D-01       8.8257D-01       4.8390D-01
    6.7000D+01       4.3899D-01       1.2787D+00       2.9570D-01       4.5586D-01       8.5882D-01       4.8885D-01
    6.8000D+01       4.2354D-01       1.2488D+00       2.6691D-01       4.4442D-01       8.3619D-01       4.9349D-01
    6.9000D+01       4.0909D-01       1.2201D+00       2.3947D-01       4.3313D-01       8.1461D-01       4.9781D-01
    7.0000D+01       3.9558D-01       1.1925D+00       2.1331D-01       4.2202D-01       7.9405D-01       5.0181D-01
    7.1000D+01       3.8296D-01       1.1659D+00       1.8837D-01       4.1108D-01       7.7443D-01       5.0550D-01
    7.2000D+01       3.7117D-01       1.1403D+00       1.6458D-01       4.0033D-01       7.5573D-01       5.0886D-01
    7.3000D+01       3.6016D-01       1.1156D+00       1.4189D-01       3.8979D-01       7.3789D-01       5.1191D-01
    7.4000D+01       3.4989D-01       1.0919D+00       1.2024D-01       3.7945D-01       7.2088D-01       5.1463D-01
    7.5000D+01       3.4031D-01       1.0690D+00       9.9578D-02       3.6932D-01       7.0464D-01       5.1704D-01
    7.6000D+01       3.3139D-01       1.0469D+00       7.9851D-02       3.5940D-01       6.8916D-01       5.1913D-01
    7.7000D+01       3.2309D-01       1.0257D+00       6.1010D-02       3.4970D-01       6.7438D-01       5.2091D-01
    7.8000D+01       3.1537D-01       1.0052D+00       4.3011D-02       3.4023D-01       6.6027D-01       5.2237D-01
    7.9000D+01       3.0820D-01       9.8542D-01       2.5808D-02       3.3097D-01       6.4681D-01       5.2351D-01
    8.0000D+01       3.0155D-01       9.6638D-01       9.3610D-03       3.2193D-01       6.3396D-01       5.2434D-01
    8.1000D+01       2.9540D-01       9.4800D-01      -6.3708D-03       3.1310D-01       6.2170D-01       5.2486D-01
    8.2000D+01       2.8971D-01       9.3028D-01      -2.1424D-02       3.0449D-01       6.0999D-01       5.2507D-01
    8.3000D+01       2.8446D-01       9.1318D-01      -3.5835D-02       2.9610D-01       5.9882D-01       5.2497D-01
    8.4000D+01       2.7963D-01       8.9667D-01      -4.9636D-02       2.8791D-01       5.8815D-01       5.2456D-01
    8.5000D+01       2.7520D-01       8.8074D-01      -6.2859D-02       2.7994D-01       5.7797D-01       5.2385D-01
    8.6000D+01       2.7115D-01       8.6535D-01      -7.5534D-02       2.7216D-01       5.6825D-01       5.2284D-01
    8.7000D+01       2.6745D-01       8.5050D-01      -8.7690D-02       2.6459D-01       5.5898D-01       5.2153D-01
    8.8000D+01       2.6410D-01       8.3614D-01      -9.9352D-02       2.5721D-01       5.5012D-01       5.1992D-01
    8.9000D+01       2.6107D-01       8.2228D-01      -1.1055D-01       2.5002D-01       5.4167D-01       5.1803D-01
    9.0000D+01       2.5835D-01       8.0888D-01      -1.2130D-01       2.4302D-01       5.3361D-01       5.1585D-01
    9.1000D+01       2.5592D-01       7.9592D-01      -1.3163D-01       2.3620D-01       5.2592D-01       5.1338D-01
    9.2000D+01       2.5378D-01       7.8340D-01      -1.4156D-01       2.2956D-01       5.1859D-01       5.1064D-01
    9.3000D+01       2.5189D-01       7.7129D-01      -1.5111D-01       2.2309D-01       5.1159D-01       5.0763D-01
    9.4000D+01       2.5027D-01       7.5958D-01      -1.6030D-01       2.1679D-01       5.0492D-01       5.0435D-01
    9.5000D+01       2.4888D-01       7.4826D-01      -1.6914D-01       2.1065D-01       4.9857D-01       5.0081D-01
    9.6000D+01       2.4772D-01       7.3730D-01      -1.7766D-01       2.0467D-01       4.9251D-01       4.9702D-01
    9.7000D+01       2.4679D-01       7.2669D-01      -1.8587D-01       1.9885D-01       4.8674D-01       4.9298D-01
    9.8000D+01       2.4606D-01       7.1643D-01      -1.9379D-01       1.9318D-01       4.8125D-01       4.8870D-01
    9.9000D+01       2.4553D-01       7.0650D-01      -2.0142D-01       1.8765D-01       4.7602D-01       4.8419D-01
    1.0000D+02       2.4520D-01       6.9688D-01      -2.0879D-01       1.8226D-01       4.7104D-01       4.7945D-01
    1.0100D+02       2.4505D-01       6.8757D-01      -2.1590D-01       1.7701D-01       4.6631D-01       4.7450D-01
    1.0200D+02       2.4507D-01       6.7856D-01      -2.2278D-01       1.7190D-01       4.6182D-01       4.6933D-01
    1.0300D+02       2.4526D-01       6.6983D-01      -2.2942D-01       1.6691D-01       4.5755D-01       4.6396D-01
    1.0400D+02       2.4561D-01       6.6138D-01      -2.3584D-01       1.6205D-01       4.5349D-01       4.5840D-01
    1.0500D+02       2.4611D-01       6.5319D-01      -2.4206D-01       1.5731D-01       4.4965D-01       4.5265D-01
    1.0600D+02       2.4676D-01       6.4525D-01      -2.4807D-01       1.5269D-01       4.4601D-01       4.4673D-01
    1.0700D+02       2.4755D-01       6.3757D-01      -2.5390D-01       1.4818D-01       4.4256D-01       4.4064D-01
    1.0800D+02       2.4847D-01       6.3012D-01      -2.5954D-01       1.4378D-01       4.3930D-01       4.3438D-01
    1.0900D+02       2.4953D-01       6.2290D-01      -2.6501D-01       1.3949D-01       4.3622D-01       4.2798D-01
    1.1000D+02       2.5070D-01       6.1591D-01      -2.7032D-01       1.3530D-01       4.3331D-01       4.2143D-01
    1.1100D+02       2.5199D-01       6.0914D-01      -2.7547D-01       1.3122D-01       4.3057D-01       4.1474D-01
    1.1200D+02       2.5340D-01       6.0257D-01      -2.8048D-01       1.2723D-01       4.2799D-01       4.0793D-01
    1.1300D+02       2.5492D-01       5.9621D-01      -2.8534D-01       1.2333D-01       4.2556D-01       4.0099D-01
    1.1400D+02       2.5654D-01       5.9005D-01      -2.9006D-01       1.1953D-01       4.2329D-01       3.9395D-01
    1.1500D+02       2.5826D-01       5.8407D-01      -2.9465D-01       1.1582D-01       4.2117D-01       3.8680D-01
    1.1600D+02       2.6008D-01       5.7828D-01      -2.9912D-01       1.1219D-01       4.1918D-01       3.7956D-01
    1.1700D+02       2.6199D-01       5.7267D-01      -3.0347D-01       1.0865D-01       4.1733D-01       3.7222D-01
    1.1800D+02       2.6400D-01       5.6724D-01      -3.0771D-01       1.0519D-01       4.1562D-01       3.6481D-01
    1.1900D+02       2.6609D-01       5.6197D-01      -3.1184D-01       1.0181D-01       4.1403D-01       3.5731D-01
    1.2000D+02       2.6827D-01       5.5687D-01      -3.1587D-01       9.8499D-02       4.1257D-01       3.4976D-01
    1.2100D+02       2.7053D-01       5.5192D-01      -3.1980D-01       9.5267D-02       4.1123D-01       3.4213D-01
    1.2200D+02       2.7287D-01       5.4713D-01      -3.2363D-01       9.2107D-02       4.1000D-01       3.3446D-01
    1.2300D+02       2.7530D-01       5.4249D-01      -3.2738D-01       8.9016D-02       4.0889D-01       3.2673D-01
    1.2400D+02       2.7779D-01       5.3800D-01      -3.3103D-01       8.5994D-02       4.0790D-01       3.1896D-01
    1.2500D+02       2.8036D-01       5.3365D-01      -3.3461D-01       8.3037D-02       4.0701D-01       3.1115D-01
    1.2600D+02       2.8301D-01       5.2944D-01      -3.3810D-01       8.0145D-02       4.0622D-01       3.0331D-01
    1.2700D+02       2.8572D-01       5.2536D-01      -3.4152D-01       7.7316D-02       4.0554D-01       2.9545D-01
    1.2800D+02       2.8851D-01       5.2141D-01      -3.4487D-01       7.4547D-02       4.0496D-01       2.8756D-01
    1.2900D+02       2.9136D-01       5.1759D-01      -3.4814D-01       7.1837D-02       4.0448D-01       2.7965D-01
    1.3000D+02       2.9428D-01       5.1390D-01      -3.5135D-01       6.9185D-02       4.0409D-01       2.7174D-01
    1.3100D+02       2.9727D-01       5.1032D-01      -3.5449D-01       6.6589D-02       4.0379D-01       2.6382D-01
    1.3200D+02       3.0031D-01       5.0686D-01      -3.5757D-01       6.4048D-02       4.0359D-01       2.5589D-01
    1.3300D+02       3.0342D-01       5.0352D-01      -3.6058D-01       6.1560D-02       4.0347D-01       2.4797D-01
    1.3400D+02       3.0659D-01       5.0029D-01      -3.6354D-01       5.9125D-02       4.0344D-01       2.4006D-01
    1.3500D+02       3.0982D-01       4.9717D-01      -3.6644D-01       5.6742D-02       4.0350D-01       2.3216D-01
    1.3600D+02       3.1311D-01       4.9416D-01      -3.6928D-01       5.4408D-02       4.0363D-01       2.2428D-01
    1.3700D+02       3.1645D-01       4.9125D-01      -3.7207D-01       5.2124D-02       4.0385D-01       2.1642D-01
    1.3800D+02       3.1984D-01       4.8845D-01      -3.7481D-01       4.9889D-02       4.0414D-01       2.0859D-01
    1.3900D+02       3.2329D-01       4.8574D-01      -3.7750D-01       4.7701D-02       4.0451D-01       2.0080D-01
    1.4000D+02       3.2678D-01       4.8313D-01      -3.8013D-01       4.5560D-02       4.0495D-01       1.9305D-01
    1.4100D+02       3.3032D-01       4.8061D-01      -3.8271D-01       4.3465D-02       4.0546D-01       1.8534D-01
    1.4200D+02       3.3389D-01       4.7818D-01      -3.8524D-01       4.1417D-02       4.0604D-01       1.7768D-01
    1.4300D+02       3.3751D-01       4.7585D-01      -3.8772D-01       3.9413D-02       4.0668D-01       1.7008D-01
    1.4400D+02       3.4117D-01       4.7360D-01      -3.9016D-01       3.7456D-02       4.0739D-01       1.6254D-01
    1.4500D+02       3.4485D-01       4.7144D-01      -3.9254D-01       3.5542D-02       4.0815D-01       1.5508D-01
    1.4600D+02       3.4856D-01       4.6937D-01      -3.9487D-01       3.3674D-02       4.0896D-01       1.4769D-01
    1.4700D+02       3.5230D-01       4.6737D-01      -3.9716D-01       3.1850D-02       4.0983D-01       1.4039D-01
    1.4800D+02       3.5605D-01       4.6546D-01      -3.9939D-01       3.0072D-02       4.1075D-01       1.3318D-01
    1.4900D+02       3.5981D-01       4.6362D-01      -4.0158D-01       2.8337D-02       4.1172D-01       1.2608D-01
    1.5000D+02       3.6357D-01       4.6186D-01      -4.0371D-01       2.6648D-02       4.1272D-01       1.1908D-01
    1.5100D+02       3.6734D-01       4.6018D-01      -4.0579D-01       2.5004D-02       4.1376D-01       1.1219D-01
    1.5200D+02       3.7110D-01       4.5857D-01      -4.0782D-01       2.3406D-02       4.1483D-01       1.0543D-01
    1.5300D+02       3.7484D-01       4.5703D-01      -4.0980D-01       2.1854D-02       4.1593D-01       9.8809D-02
    1.5400D+02       3.7855D-01       4.5557D-01      -4.1172D-01       2.0348D-02       4.1706D-01       9.2325D-02
    1.5500D+02       3.8224D-01       4.5417D-01      -4.1358D-01       1.8889D-02       4.1820D-01       8.5992D-02
    1.5600D+02       3.8589D-01       4.5283D-01      -4.1539D-01       1.7478D-02       4.1936D-01       7.9818D-02
    1.5700D+02       3.8949D-01       4.5157D-01      -4.1714D-01       1.6115D-02       4.2053D-01       7.3812D-02
    1.5800D+02       3.9303D-01       4.5037D-01      -4.1883D-01       1.4802D-02       4.2170D-01       6.7983D-02
    1.5900D+02       3.9650D-01       4.4923D-01      -4.2046D-01       1.3538D-02       4.2287D-01       6.2340D-02
    1.6000D+02       3.9990D-01       4.4815D-01      -4.2203D-01       1.2325D-02       4.2403D-01       5.6891D-02
    1.6100D+02       4.0322D-01       4.4713D-01      -4.2353D-01       1.1163D-02       4.2518D-01       5.1645D-02
    1.6200D+02       4.0644D-01       4.4618D-01      -4.2497D-01       1.0054D-02       4.2631D-01       4.6611D-02
    1.6300D+02       4.0955D-01       4.4528D-01      -4.2634D-01       8.9981D-03       4.2742D-01       4.1796D-02
    1.6400D+02       4.1255D-01       4.4444D-01      -4.2765D-01       7.9963D-03       4.2849D-01       3.7210D-02
    1.6500D+02       4.1543D-01       4.4365D-01      -4.2888D-01       7.0497D-03       4.2954D-01       3.2859D-02
    1.6600D+02       4.1817D-01       4.4293D-01      -4.3004D-01       6.1591D-03       4.3055D-01       2.8751D-02
    1.6700D+02       4.2077D-01       4.4225D-01      -4.3113D-01       5.3254D-03       4.3151D-01       2.4893D-02
    1.6800D+02       4.2321D-01       4.4163D-01      -4.3214D-01       4.5494D-03       4.3242D-01       2.1292D-02
    1.6900D+02       4.2550D-01       4.4106D-01      -4.3308D-01       3.8320D-03       4.3328D-01       1.7955D-02
    1.7000D+02       4.2762D-01       4.4054D-01      -4.3395D-01       3.1740D-03       4.3408D-01       1.4887D-02
    1.7100D+02       4.2956D-01       4.4008D-01      -4.3473D-01       2.5762D-03       4.3482D-01       1.2094D-02
    1.7200D+02       4.3132D-01       4.3966D-01      -4.3543D-01       2.0393D-03       4.3549D-01       9.5808D-03
    1.7300D+02       4.3289D-01       4.3930D-01      -4.3606D-01       1.5639D-03       4.3609D-01       7.3524D-03
    1.7400D+02       4.3426D-01       4.3898D-01      -4.3660D-01       1.1506D-03       4.3662D-01       5.4127D-03
    1.7500D+02       4.3543D-01       4.3872D-01      -4.3706D-01       8.0003D-04       4.3707D-01       3.7652D-03
    1.7600D+02       4.3639D-01       4.3850D-01      -4.3744D-01       5.1253D-04       4.3744D-01       2.4131D-03
    1.7700D+02       4.3714D-01       4.3833D-01      -4.3774D-01       2.8853D-04       4.3774D-01       1.3589D-03
    1.7800D+02       4.3768D-01       4.3821D-01      -4.3795D-01       1.2831D-04       4.3795D-01       6.0441D-04
    1.7900D+02       4.3801D-01       4.3814D-01      -4.3807D-01       3.2087D-05       4.3807D-01       1.5117D-04
    1.8000D+02       4.3812D-01       4.3812D-01      -4.3812D-01       5.1220D-18       4.3812D-01       0.0000D+00
