 numangles= 181
  g= 6.46295D-01
   scat. angle           m2               m1              s21              d21           phase func.      polarization  
    0.0000D+00       8.7863D+00       8.7863D+00       8.7863D+00       0.0000D+00       8.7863D+00       0.0000D+00
    1.0000D+00       8.7767D+00       8.7772D+00       8.7769D+00       1.1133D-03       8.7769D+00       3.2289D-05
    2.0000D+00       8.7479D+00       8.7502D+00       8.7490D+00       4.4351D-03       8.7491D+00       1.2922D-04
    3.0000D+00       8.7003D+00       8.7054D+00       8.7028D+00       9.9117D-03       8.7028D+00       2.9097D-04
    4.0000D+00       8.6343D+00       8.6432D+00       8.6387D+00       1.7455D-02       8.6387D+00       5.1786D-04
    5.0000D+00       8.5504D+00       8.5643D+00       8.5573D+00       2.6945D-02       8.5573D+00       8.1030D-04
    6.0000D+00       8.4495D+00       8.4693D+00       8.4592D+00       3.8232D-02       8.4594D+00       1.1689D-03
    7.0000D+00       8.3324D+00       8.3590D+00       8.3454D+00       5.1142D-02       8.3457D+00       1.5942D-03
    8.0000D+00       8.2001D+00       8.2344D+00       8.2168D+00       6.5481D-02       8.2173D+00       2.0871D-03
    9.0000D+00       8.0538D+00       8.0966D+00       8.0745D+00       8.1037D-02       8.0752D+00       2.6484D-03
    1.0000D+01       7.8947D+00       7.9466D+00       7.9195D+00       9.7588D-02       7.9206D+00       3.2792D-03
    1.1000D+01       7.7239D+00       7.7857D+00       7.7533D+00       1.1490D-01       7.7548D+00       3.9806D-03
    1.2000D+01       7.5429D+00       7.6150D+00       7.5768D+00       1.3276D-01       7.5790D+00       4.7538D-03
    1.3000D+01       7.3530D+00       7.4358D+00       7.3915D+00       1.5092D-01       7.3944D+00       5.6000D-03
    1.4000D+01       7.1554D+00       7.2493D+00       7.1987D+00       1.6917D-01       7.2024D+00       6.5207D-03
    1.5000D+01       6.9515D+00       7.0568D+00       6.9995D+00       1.8729D-01       7.0042D+00       7.5173D-03
    1.6000D+01       6.7426D+00       6.8595D+00       6.7952D+00       2.0510D-01       6.8011D+00       8.5913D-03
    1.7000D+01       6.5300D+00       6.6585D+00       6.5871D+00       2.2242D-01       6.5943D+00       9.7444D-03
    1.8000D+01       6.3148D+00       6.4549D+00       6.3762D+00       2.3908D-01       6.3849D+00       1.0978D-02
    1.9000D+01       6.0981D+00       6.2499D+00       6.1637D+00       2.5495D-01       6.1740D+00       1.2294D-02
    2.0000D+01       5.8809D+00       6.0442D+00       5.9506D+00       2.6991D-01       5.9626D+00       1.3694D-02
    2.1000D+01       5.6644D+00       5.8390D+00       5.7378D+00       2.8385D-01       5.7517D+00       1.5179D-02
    2.2000D+01       5.4493D+00       5.6349D+00       5.5262D+00       2.9670D-01       5.5421D+00       1.6752D-02
    2.3000D+01       5.2364D+00       5.4328D+00       5.3165D+00       3.0840D-01       5.3346D+00       1.8414D-02
    2.4000D+01       5.0264D+00       5.2333D+00       5.1095D+00       3.1891D-01       5.1298D+00       2.0166D-02
    2.5000D+01       4.8200D+00       5.0370D+00       4.9058D+00       3.2821D-01       4.9285D+00       2.2010D-02
    2.6000D+01       4.6177D+00       4.8443D+00       4.7058D+00       3.3630D-01       4.7310D+00       2.3948D-02
    2.7000D+01       4.4201D+00       4.6559D+00       4.5102D+00       3.4316D-01       4.5380D+00       2.5981D-02
    2.8000D+01       4.2273D+00       4.4719D+00       4.3193D+00       3.4884D-01       4.3496D+00       2.8111D-02
    2.9000D+01       4.0399D+00       4.2927D+00       4.1333D+00       3.5335D-01       4.1663D+00       3.0338D-02
    3.0000D+01       3.8580D+00       4.1186D+00       3.9526D+00       3.5673D-01       3.9883D+00       3.2664D-02
    3.1000D+01       3.6819D+00       3.9497D+00       3.7774D+00       3.5904D-01       3.8158D+00       3.5090D-02
    3.2000D+01       3.5116D+00       3.7862D+00       3.6078D+00       3.6031D-01       3.6489D+00       3.7617D-02
    3.3000D+01       3.3474D+00       3.6281D+00       3.4439D+00       3.6062D-01       3.4877D+00       4.0246D-02
    3.4000D+01       3.1891D+00       3.4756D+00       3.2858D+00       3.6001D-01       3.3324D+00       4.2978D-02
    3.5000D+01       3.0369D+00       3.3285D+00       3.1335D+00       3.5855D-01       3.1827D+00       4.5812D-02
    3.6000D+01       2.8907D+00       3.1870D+00       2.9869D+00       3.5629D-01       3.0389D+00       4.8750D-02
    3.7000D+01       2.7505D+00       3.0510D+00       2.8462D+00       3.5332D-01       2.9007D+00       5.1793D-02
    3.8000D+01       2.6161D+00       2.9203D+00       2.7110D+00       3.4968D-01       2.7682D+00       5.4939D-02
    3.9000D+01       2.4875D+00       2.7949D+00       2.5815D+00       3.4543D-01       2.6412D+00       5.8189D-02
    4.0000D+01       2.3646D+00       2.6747D+00       2.4574D+00       3.4064D-01       2.5196D+00       6.1542D-02
    4.1000D+01       2.2471D+00       2.5596D+00       2.3387D+00       3.3537D-01       2.4033D+00       6.4999D-02
    4.2000D+01       2.1351D+00       2.4494D+00       2.2252D+00       3.2967D-01       2.2922D+00       6.8558D-02
    4.3000D+01       2.0282D+00       2.3439D+00       2.1167D+00       3.2359D-01       2.1861D+00       7.2219D-02
    4.4000D+01       1.9264D+00       2.2432D+00       2.0132D+00       3.1718D-01       2.0848D+00       7.5981D-02
    4.5000D+01       1.8294D+00       2.1469D+00       1.9143D+00       3.1049D-01       1.9882D+00       7.9842D-02
    4.6000D+01       1.7372D+00       2.0549D+00       1.8201D+00       3.0356D-01       1.8960D+00       8.3801D-02
    4.7000D+01       1.6494D+00       1.9672D+00       1.7303D+00       2.9644D-01       1.8083D+00       8.7856D-02
    4.8000D+01       1.5660D+00       1.8834D+00       1.6448D+00       2.8916D-01       1.7247D+00       9.2005D-02
    4.9000D+01       1.4868D+00       1.8035D+00       1.5633D+00       2.8176D-01       1.6451D+00       9.6246D-02
    5.0000D+01       1.4116D+00       1.7273D+00       1.4857D+00       2.7427D-01       1.5694D+00       1.0058D-01
    5.1000D+01       1.3402D+00       1.6546D+00       1.4119D+00       2.6672D-01       1.4974D+00       1.0500D-01
    5.2000D+01       1.2724D+00       1.5853D+00       1.3417D+00       2.5913D-01       1.4289D+00       1.0950D-01
    5.3000D+01       1.2081D+00       1.5193D+00       1.2749D+00       2.5154D-01       1.3637D+00       1.1408D-01
    5.4000D+01       1.1472D+00       1.4564D+00       1.2114D+00       2.4396D-01       1.3018D+00       1.1874D-01
    5.5000D+01       1.0895D+00       1.3964D+00       1.1510D+00       2.3641D-01       1.2429D+00       1.2347D-01
    5.6000D+01       1.0347D+00       1.3393D+00       1.0936D+00       2.2891D-01       1.1870D+00       1.2827D-01
    5.7000D+01       9.8289D-01       1.2848D+00       1.0391D+00       2.2147D-01       1.1339D+00       1.3314D-01
    5.8000D+01       9.3379D-01       1.2329D+00       9.8725D-01       2.1412D-01       1.0834D+00       1.3807D-01
    5.9000D+01       8.8729D-01       1.1835D+00       9.3800D-01       2.0685D-01       1.0354D+00       1.4305D-01
    6.0000D+01       8.4327D-01       1.1364D+00       8.9120D-01       1.9969D-01       9.8985D-01       1.4808D-01
    6.1000D+01       8.0160D-01       1.0915D+00       8.4674D-01       1.9264D-01       9.4657D-01       1.5316D-01
    6.2000D+01       7.6217D-01       1.0488D+00       8.0450D-01       1.8571D-01       9.0547D-01       1.5827D-01
    6.3000D+01       7.2485D-01       1.0080D+00       7.6436D-01       1.7890D-01       8.6644D-01       1.6341D-01
    6.4000D+01       6.8955D-01       9.6917D-01       7.2623D-01       1.7222D-01       8.2936D-01       1.6857D-01
    6.5000D+01       6.5616D-01       9.3214D-01       6.9000D-01       1.6568D-01       7.9415D-01       1.7376D-01
    6.6000D+01       6.2458D-01       8.9684D-01       6.5557D-01       1.5928D-01       7.6071D-01       1.7895D-01
    6.7000D+01       5.9472D-01       8.6317D-01       6.2286D-01       1.5302D-01       7.2895D-01       1.8414D-01
    6.8000D+01       5.6649D-01       8.3107D-01       5.9178D-01       1.4690D-01       6.9878D-01       1.8932D-01
    6.9000D+01       5.3979D-01       8.0045D-01       5.6224D-01       1.4093D-01       6.7012D-01       1.9449D-01
    7.0000D+01       5.1456D-01       7.7124D-01       5.3416D-01       1.3510D-01       6.4290D-01       1.9963D-01
    7.1000D+01       4.9072D-01       7.4337D-01       5.0748D-01       1.2941D-01       6.1704D-01       2.0473D-01
    7.2000D+01       4.6818D-01       7.1677D-01       4.8211D-01       1.2387D-01       5.9248D-01       2.0979D-01
    7.3000D+01       4.4689D-01       6.9139D-01       4.5799D-01       1.1847D-01       5.6914D-01       2.1479D-01
    7.4000D+01       4.2678D-01       6.6715D-01       4.3505D-01       1.1321D-01       5.4697D-01       2.1973D-01
    7.5000D+01       4.0779D-01       6.4401D-01       4.1324D-01       1.0810D-01       5.2590D-01       2.2459D-01
    7.6000D+01       3.8985D-01       6.2191D-01       3.9250D-01       1.0312D-01       5.0588D-01       2.2936D-01
    7.7000D+01       3.7291D-01       6.0079D-01       3.7276D-01       9.8275D-02       4.8685D-01       2.3403D-01
    7.8000D+01       3.5693D-01       5.8062D-01       3.5398D-01       9.3567D-02       4.6877D-01       2.3859D-01
    7.9000D+01       3.4184D-01       5.6134D-01       3.3611D-01       8.8991D-02       4.5159D-01       2.4303D-01
    8.0000D+01       3.2761D-01       5.4291D-01       3.1910D-01       8.4545D-02       4.3526D-01       2.4733D-01
    8.1000D+01       3.1418D-01       5.2529D-01       3.0291D-01       8.0224D-02       4.1973D-01       2.5148D-01
    8.2000D+01       3.0152D-01       5.0843D-01       2.8749D-01       7.6028D-02       4.0498D-01       2.5546D-01
    8.3000D+01       2.8959D-01       4.9231D-01       2.7281D-01       7.1952D-02       3.9095D-01       2.5927D-01
    8.4000D+01       2.7834D-01       4.7688D-01       2.5882D-01       6.7995D-02       3.7761D-01       2.6289D-01
    8.5000D+01       2.6775D-01       4.6212D-01       2.4549D-01       6.4152D-02       3.6493D-01       2.6631D-01
    8.6000D+01       2.5777D-01       4.4798D-01       2.3278D-01       6.0422D-02       3.5288D-01       2.6952D-01
    8.7000D+01       2.4839D-01       4.3445D-01       2.2067D-01       5.6801D-02       3.4142D-01       2.7249D-01
    8.8000D+01       2.3956D-01       4.2149D-01       2.0912D-01       5.3286D-02       3.3052D-01       2.7522D-01
    8.9000D+01       2.3126D-01       4.0907D-01       1.9810D-01       4.9874D-02       3.2016D-01       2.7769D-01
    9.0000D+01       2.2346D-01       3.9716D-01       1.8759D-01       4.6562D-02       3.1031D-01       2.7989D-01
    9.1000D+01       2.1614D-01       3.8576D-01       1.7755D-01       4.3348D-02       3.0095D-01       2.8181D-01
    9.2000D+01       2.0927D-01       3.7482D-01       1.6797D-01       4.0228D-02       2.9204D-01       2.8343D-01
    9.3000D+01       2.0283D-01       3.6433D-01       1.5882D-01       3.7201D-02       2.8358D-01       2.8474D-01
    9.4000D+01       1.9681D-01       3.5426D-01       1.5008D-01       3.4262D-02       2.7553D-01       2.8573D-01
    9.5000D+01       1.9117D-01       3.4461D-01       1.4172D-01       3.1410D-02       2.6789D-01       2.8639D-01
    9.6000D+01       1.8590D-01       3.3534D-01       1.3373D-01       2.8641D-02       2.6062D-01       2.8669D-01
    9.7000D+01       1.8099D-01       3.2644D-01       1.2609D-01       2.5954D-02       2.5371D-01       2.8665D-01
    9.8000D+01       1.7641D-01       3.1789D-01       1.1877D-01       2.3347D-02       2.4715D-01       2.8623D-01
    9.9000D+01       1.7215D-01       3.0968D-01       1.1177D-01       2.0816D-02       2.4092D-01       2.8544D-01
    1.0000D+02       1.6819D-01       3.0179D-01       1.0506D-01       1.8360D-02       2.3499D-01       2.8426D-01
    1.0100D+02       1.6453D-01       2.9421D-01       9.8623D-02       1.5976D-02       2.2937D-01       2.8269D-01
    1.0200D+02       1.6114D-01       2.8692D-01       9.2454D-02       1.3663D-02       2.2403D-01       2.8071D-01
    1.0300D+02       1.5802D-01       2.7991D-01       8.6533D-02       1.1419D-02       2.1896D-01       2.7833D-01
    1.0400D+02       1.5515D-01       2.7316D-01       8.0848D-02       9.2428D-03       2.1415D-01       2.7553D-01
    1.0500D+02       1.5252D-01       2.6667D-01       7.5384D-02       7.1318D-03       2.0959D-01       2.7231D-01
    1.0600D+02       1.5012D-01       2.6041D-01       7.0130D-02       5.0850D-03       2.0527D-01       2.6867D-01
    1.0700D+02       1.4794D-01       2.5439D-01       6.5072D-02       3.1010D-03       2.0116D-01       2.6460D-01
    1.0800D+02       1.4597D-01       2.4859D-01       6.0200D-02       1.1785D-03       1.9728D-01       2.6010D-01
    1.0900D+02       1.4420D-01       2.4300D-01       5.5503D-02      -6.8347D-04       1.9360D-01       2.5517D-01
    1.1000D+02       1.4262D-01       2.3760D-01       5.0969D-02      -2.4859D-03       1.9011D-01       2.4982D-01
    1.1100D+02       1.4122D-01       2.3240D-01       4.6589D-02      -4.2296D-03       1.8681D-01       2.4404D-01
    1.1200D+02       1.4000D-01       2.2738D-01       4.2352D-02      -5.9152D-03       1.8369D-01       2.3784D-01
    1.1300D+02       1.3895D-01       2.2253D-01       3.8249D-02      -7.5432D-03       1.8074D-01       2.3122D-01
    1.1400D+02       1.3806D-01       2.1785D-01       3.4271D-02      -9.1139D-03       1.7795D-01       2.2419D-01
    1.1500D+02       1.3732D-01       2.1333D-01       3.0409D-02      -1.0627D-02       1.7532D-01       2.1676D-01
    1.1600D+02       1.3673D-01       2.0895D-01       2.6655D-02      -1.2084D-02       1.7284D-01       2.0894D-01
    1.1700D+02       1.3627D-01       2.0472D-01       2.2999D-02      -1.3483D-02       1.7049D-01       2.0073D-01
    1.1800D+02       1.3595D-01       2.0062D-01       1.9434D-02      -1.4824D-02       1.6828D-01       1.9216D-01
    1.1900D+02       1.3575D-01       1.9665D-01       1.5952D-02      -1.6106D-02       1.6620D-01       1.8322D-01
    1.2000D+02       1.3567D-01       1.9280D-01       1.2546D-02      -1.7329D-02       1.6424D-01       1.7395D-01
    1.2100D+02       1.3570D-01       1.8908D-01       9.2068D-03      -1.8492D-02       1.6239D-01       1.6436D-01
    1.2200D+02       1.3583D-01       1.8546D-01       5.9283D-03      -1.9593D-02       1.6065D-01       1.5446D-01
    1.2300D+02       1.3607D-01       1.8195D-01       2.7032D-03      -2.0631D-02       1.5901D-01       1.4427D-01
    1.2400D+02       1.3639D-01       1.7854D-01      -4.7543D-04      -2.1604D-02       1.5746D-01       1.3383D-01
    1.2500D+02       1.3680D-01       1.7522D-01      -3.6144D-03      -2.2511D-02       1.5601D-01       1.2314D-01
    1.2600D+02       1.3729D-01       1.7200D-01      -6.7202D-03      -2.3349D-02       1.5464D-01       1.1223D-01
    1.2700D+02       1.3784D-01       1.6886D-01      -9.7994D-03      -2.4116D-02       1.5335D-01       1.0114D-01
    1.2800D+02       1.3846D-01       1.6581D-01      -1.2858D-02      -2.4810D-02       1.5214D-01       8.9879D-02
    1.2900D+02       1.3914D-01       1.6284D-01      -1.5902D-02      -2.5428D-02       1.5099D-01       7.8487D-02
    1.3000D+02       1.3986D-01       1.5995D-01      -1.8937D-02      -2.5968D-02       1.4990D-01       6.6993D-02
    1.3100D+02       1.4062D-01       1.5713D-01      -2.1969D-02      -2.6426D-02       1.4887D-01       5.5429D-02
    1.3200D+02       1.4141D-01       1.5438D-01      -2.5003D-02      -2.6801D-02       1.4790D-01       4.3828D-02
    1.3300D+02       1.4223D-01       1.5170D-01      -2.8045D-02      -2.7089D-02       1.4697D-01       3.2227D-02
    1.3400D+02       1.4306D-01       1.4910D-01      -3.1097D-02      -2.7288D-02       1.4608D-01       2.0664D-02
    1.3500D+02       1.4390D-01       1.4656D-01      -3.4166D-02      -2.7395D-02       1.4523D-01       9.1781D-03
    1.3600D+02       1.4473D-01       1.4410D-01      -3.7255D-02      -2.7407D-02       1.4441D-01      -2.1896D-03
    1.3700D+02       1.4555D-01       1.4170D-01      -4.0367D-02      -2.7323D-02       1.4363D-01      -1.3395D-02
    1.3800D+02       1.4635D-01       1.3938D-01      -4.3506D-02      -2.7140D-02       1.4287D-01      -2.4394D-02
    1.3900D+02       1.4712D-01       1.3713D-01      -4.6674D-02      -2.6857D-02       1.4213D-01      -3.5139D-02
    1.4000D+02       1.4786D-01       1.3497D-01      -4.9873D-02      -2.6473D-02       1.4141D-01      -4.5581D-02
    1.4100D+02       1.4855D-01       1.3288D-01      -5.3104D-02      -2.5988D-02       1.4071D-01      -5.5668D-02
    1.4200D+02       1.4918D-01       1.3088D-01      -5.6368D-02      -2.5402D-02       1.4003D-01      -6.5348D-02
    1.4300D+02       1.4976D-01       1.2898D-01      -5.9666D-02      -2.4717D-02       1.3937D-01      -7.4567D-02
    1.4400D+02       1.5027D-01       1.2717D-01      -6.2996D-02      -2.3935D-02       1.3872D-01      -8.3268D-02
    1.4500D+02       1.5072D-01       1.2547D-01      -6.6356D-02      -2.3059D-02       1.3809D-01      -9.1394D-02
    1.4600D+02       1.5108D-01       1.2389D-01      -6.9745D-02      -2.2094D-02       1.3749D-01      -9.8888D-02
    1.4700D+02       1.5138D-01       1.2244D-01      -7.3159D-02      -2.1046D-02       1.3691D-01      -1.0569D-01
    1.4800D+02       1.5159D-01       1.2112D-01      -7.6595D-02      -1.9921D-02       1.3635D-01      -1.1175D-01
    1.4900D+02       1.5173D-01       1.1994D-01      -8.0047D-02      -1.8728D-02       1.3583D-01      -1.1701D-01
    1.5000D+02       1.5179D-01       1.1892D-01      -8.3510D-02      -1.7476D-02       1.3535D-01      -1.2141D-01
    1.5100D+02       1.5178D-01       1.1807D-01      -8.6977D-02      -1.6176D-02       1.3492D-01      -1.2491D-01
    1.5200D+02       1.5170D-01       1.1739D-01      -9.0442D-02      -1.4841D-02       1.3455D-01      -1.2748D-01
    1.5300D+02       1.5156D-01       1.1691D-01      -9.3897D-02      -1.3483D-02       1.3423D-01      -1.2907D-01
    1.5400D+02       1.5136D-01       1.1662D-01      -9.7333D-02      -1.2116D-02       1.3399D-01      -1.2966D-01
    1.5500D+02       1.5112D-01       1.1653D-01      -1.0074D-01      -1.0755D-02       1.3383D-01      -1.2924D-01
    1.5600D+02       1.5085D-01       1.1666D-01      -1.0411D-01      -9.4146D-03       1.3375D-01      -1.2781D-01
    1.5700D+02       1.5055D-01       1.1700D-01      -1.0744D-01      -8.1103D-03       1.3378D-01      -1.2540D-01
    1.5800D+02       1.5025D-01       1.1757D-01      -1.1070D-01      -6.8566D-03       1.3391D-01      -1.2203D-01
    1.5900D+02       1.4994D-01       1.1835D-01      -1.1390D-01      -5.6678D-03       1.3415D-01      -1.1776D-01
    1.6000D+02       1.4965D-01       1.1935D-01      -1.1703D-01      -4.5568D-03       1.3450D-01      -1.1265D-01
    1.6100D+02       1.4939D-01       1.2056D-01      -1.2006D-01      -3.5353D-03       1.3497D-01      -1.0679D-01
    1.6200D+02       1.4916D-01       1.2197D-01      -1.2300D-01      -2.6131D-03       1.3556D-01      -1.0027D-01
    1.6300D+02       1.4897D-01       1.2357D-01      -1.2583D-01      -1.7980D-03       1.3627D-01      -9.3202D-02
    1.6400D+02       1.4883D-01       1.2533D-01      -1.2855D-01      -1.0950D-03       1.3708D-01      -8.5716D-02
    1.6500D+02       1.4875D-01       1.2724D-01      -1.3114D-01      -5.0676D-04       1.3800D-01      -7.7934D-02
    1.6600D+02       1.4873D-01       1.2927D-01      -1.3360D-01      -3.2825D-05       1.3900D-01      -6.9987D-02
    1.6700D+02       1.4876D-01       1.3139D-01      -1.3592D-01       3.3000D-04       1.4008D-01      -6.2007D-02
    1.6800D+02       1.4885D-01       1.3357D-01      -1.3810D-01       5.8778D-04       1.4121D-01      -5.4121D-02
    1.6900D+02       1.4900D-01       1.3577D-01      -1.4012D-01       7.4919D-04       1.4238D-01      -4.6448D-02
    1.7000D+02       1.4918D-01       1.3795D-01      -1.4198D-01       8.2528D-04       1.4357D-01      -3.9100D-02
    1.7100D+02       1.4940D-01       1.4009D-01      -1.4367D-01       8.2904D-04       1.4474D-01      -3.2179D-02
    1.7200D+02       1.4964D-01       1.4213D-01      -1.4520D-01       7.7494D-04       1.4589D-01      -2.5773D-02
    1.7300D+02       1.4990D-01       1.4403D-01      -1.4656D-01       6.7832D-04       1.4697D-01      -1.9960D-02
    1.7400D+02       1.5015D-01       1.4577D-01      -1.4774D-01       5.5482D-04       1.4796D-01      -1.4805D-02
    1.7500D+02       1.5039D-01       1.4731D-01      -1.4874D-01       4.1969D-04       1.4885D-01      -1.0361D-02
    1.7600D+02       1.5061D-01       1.4861D-01      -1.4957D-01       2.8716D-04       1.4961D-01      -6.6721D-03
    1.7700D+02       1.5079D-01       1.4966D-01      -1.5021D-01       1.6984D-04       1.5022D-01      -3.7705D-03
    1.7800D+02       1.5092D-01       1.5042D-01      -1.5067D-01       7.8174D-05       1.5067D-01      -1.6812D-03
    1.7900D+02       1.5101D-01       1.5088D-01      -1.5094D-01       1.9951D-05       1.5094D-01      -4.2110D-04
    1.8000D+02       1.5104D-01       1.5104D-01      -1.5104D-01      -1.4595D-18       1.5104D-01       9.1884D-17
