44.29082958804335
44.23491901081081
44.17680673446605
44.116370267511634
44.05453374549048
43.99148073220217
43.926811453213645
43.860884964566154
43.794554969066155
43.72737021685807
43.65917660927976
43.59073838292872
43.52166387790287
43.45179739090804
43.380872435711645
43.310336797536145
43.239359718216235
43.168040732698714
43.09793484137231
43.02748242785846
42.95631128804505
42.884567002720985
42.81433659004197
42.74547046409814
42.677793378321425
42.61034859057298
42.54276228340753
42.47422589784962
42.405067927081454
42.33612705249416
42.26619068585457
42.195378347532646
42.125487384874255
42.054582726353594
41.98227023888975
41.90929770229049
41.83496434544136
41.761071401651435
41.6883835963333
41.616611783502606
41.54306554703818
41.46726400245996
41.39079621983092
41.31365494938818
41.23502210449269
41.15493273529398
41.075090741804566
40.99323640823885
40.90916262677914
40.82427130075133
40.736138035085325
40.64394125250302
40.54790275840929
40.44991786695501
40.34927191606625
40.24544329797333
40.139171509837496
40.03064708959845
39.918533498740196
39.80238755225388
39.676626879927454
39.545317585231516
39.410202540164114
39.27397913951195
39.13843430647933
39.00001565555652
38.85777270593611
38.71183651956874
38.560901981992025
38.40524914941853
38.252292551272525
38.09492143888147
37.931307019590285
37.76255737830086
37.59276876388385
37.42151952090575
37.24918348578837
37.078339804154886
36.90391341003922
36.725355432510476
36.54613658053696
36.36884229000475
36.18847597528601
36.0055798688818
35.82735855273029
35.651708101198594
35.47661803025563
35.30263972823544
35.1339067922148
34.96223713508859
34.784856626697106
34.60990333322325
34.43423858775284
34.256064788461444
34.07654595617491
33.89289281027068
33.706947578603746
33.521313216558305
33.337552249808574
33.14714675065116
32.9511653332743
32.75495258120721
32.56004058104585
32.365029014143204
32.173426079047836
31.987591080919085
31.81066761303271
31.64176247370808
31.47582315367406
31.31815901743867
31.162212775766466
31.006848185497986
30.851579402419713
30.699583167820784
30.55232897047144
30.415917472338467
30.283673762191057
30.149678384843202
30.0116103996163
29.884821454866152
29.758470900211584
29.632439188367155
29.508633421807176
29.381412451402916
29.255709804583276
29.146005576153243
29.04020241743368
28.930699545119477
28.81722952382711
28.717520470337742
28.6261111885837
28.53781508676813
28.448079483230742
28.358472818892544
28.264282664539074
28.167403813661412
28.051080993098132
27.931719498538474
27.811276609511445
27.700147501819025
27.585977442682655
27.463962515854703
27.334622099243756
27.21179394922764
27.107749026287067
27.018906345140866
26.94226821616181
26.86624848854805
26.784101202831998
26.69636053675268
26.624713211781334
26.55206643436491
26.478454691750986
26.418024070004282
26.36323028543133
26.31061808201354
26.26223632702964
26.210730413537824
26.15532276095881
26.096379391792425
26.042495671251398
25.98844766275625
25.935635720012712
25.89365905394454
25.873526902522784
25.84700306385264
25.813339023593286
25.798529098858342
25.78449225494703
25.772096694920048
25.770446120621106
25.770683856430395
25.79036431246947
25.83832982469216
25.89991825903892
25.95991477872262
26.017438644859638
26.08206388772857
26.152578142729677
26.221588353869574
26.288427154476977
26.370692661096353
26.453195265599803
26.5334155069276
26.620376574066835
26.706011762791363
26.793075108677808
26.883008537110545
26.99671338316197
27.112541356649675
27.229796391831204
27.346831955280805
27.460990673381332
27.56765178249673
27.66794192472409
27.771964101130195
27.874920066998307
27.974326220028956
28.070971706151912
28.155715665789288
28.233448900803342
28.318392355645276
28.406786676308425
28.4940892329529
28.57891148872387
28.664179137544796
28.751881094775783
28.833767455047965
28.912757192943555
28.993999147784727
29.073196088902517
29.147236858337696
29.216197139883256
29.282290318225527
29.341018154079265
29.39112417413785
29.44338226676578
29.519793089310994
29.626991550080344
29.726609518118128
29.82144972907051
29.91555763244469
30.0082467055394
30.090773358275417
30.161170135082877
30.221240012874958
30.280121859805533
30.334148096858733
30.38056476459129
30.418966573244568
30.44964625371814
30.47343822095795
30.49355929588956
30.599014096019125
30.698651437334686
30.78942893620554
30.87243306723681
30.958779482501914
31.041852843485742
31.118753577071868
31.149121163046296
31.165305003361237
31.17943829186827
31.195147095923705
31.208770131682503
31.22185213979186
31.237717406605327
31.25396034286394
31.268287183477547
31.281621295779217
31.30295060949819
31.325805632939566
31.34848350790904
31.37295898891629
31.409410175761327
31.447217222785785
31.48546556917168
31.52990109615609
31.578308230154363
31.62917314908864
31.68538931235979
31.750354900731395
31.81725281360072
31.88607679352188
31.967514504671964
32.05171489512205
32.13852128291566
32.233912397886165
32.331390183773394
32.42703128755029
32.52151158523147
32.62792868493138
32.73762427964387
32.84995289349879
32.968403924172236
33.09016109185658
33.216863679632056
33.349165570992405
33.490117367291624
33.636076208869845
33.7877770235571
33.944258387022174
34.10807390418941
34.27805754493081
34.4571907714986
34.652806550594605
34.850823354104286
35.05094076730107
35.2607585566877
35.47508438529486
35.69158395213086
35.911487290232266
36.13192377889809
36.35357480846778
36.576194281298605
36.80427214540097
37.03119213604528
37.2578645853527
37.48738669793157
37.71986386980386
37.95232203228893
38.184447853529555
38.418700902043504
38.65337811699685
38.88652438303805
39.11823122280748
39.35152915847887
39.58258418213228
39.810225317964814
40.039521503272944
40.263503375933134
40.48332995310568
40.701380209106354
40.91803992588011
41.12996322083918
41.33553256293257
41.532529677944254
41.72605811317591
41.914999988415396
42.09999959300179
42.28030547925648
42.45487552628965
42.62351736899185
42.7881085876325
42.945949840773736
43.097141405203196
43.24266676664228
43.38174493982686
43.51409567759671
43.63946609144903
43.75821876318161
43.870299891020665
43.97667530660616
44.08173108689007
44.17873889278698
44.2675033078456
44.34781995704656
44.420374122182956
44.48453084508928
44.5404043897757
44.58867874699968
44.62916172798315
44.6621237801495
44.68747021627939
44.706292401712716
44.71858278621987
44.72417184322552
44.723633899130085
44.71754165113223
44.705954940858426
44.68888583422917
44.666626751289535
44.64002258492186
44.60878102860442
44.573555312224556
44.534261279268705
44.49119422138812
44.445241075159096
44.39650734719786
44.344987964526254
44.29082958804336
