0.0
-0.00022843986783904757
-0.0009134811525658426
-0.0020542892368975996
-0.0036494742219111975
-0.005697092620421951
-0.00819464972482295
-0.011139102646501364
-0.014526864023130331
-0.018353806389317384
-0.022615267205284423
-0.027306054537454716
-0.03242045338402455
-0.03795223263781236
-0.04389465267790238
-0.05024047358083544
-0.056981963941340225
-0.06411091029185939
-0.07161862710939479
-0.07949596739747924
-0.0877333338303832
-0.09632069044597716
-0.10524757487300576
-0.11450311107787595
-0.12407602261542824
-0.13395464636754778
-0.1441269467528781
-0.1545805303903225
-0.16530266119846987
-0.17628027591254825
-0.18749999999999992
-0.19894816395529089
-0.21061081995409597
-0.22247375884657486
-0.2345225274690331
-0.24674244625287425
-0.2591186271093947
-0.27163599156862533
-0.28427928915012457
-0.29703311594334025
-0.3098819333749011
-0.3228100871399753
-0.33580182627462996
-0.3488413223459529
-0.36191268873656207
-0.3749999999999999
-0.38808731126343776
-0.401158677654047
-0.41419817372537
-0.4271899128600246
-0.4401180666250989
-0.4529668840566597
-0.46572071084987543
-0.47836400843137467
-0.4908813728906053
-0.5032575537471257
-0.515477472530967
-0.527526241153425
-0.5393891800459041
-0.5510518360447089
-0.5624999999999999
-0.5737197240874518
-0.58469733880153
-0.5954194696096774
-0.6058730532471218
-0.6160453536324522
-0.6259239773845718
-0.6354968889221239
-0.6447524251269943
-0.6536793095540228
-0.6622666661696167
-0.6705040326025207
-0.6783813728906053
-0.6858890897081407
-0.6930180360586597
-0.6997595264191645
-0.7061053473220975
-0.7120477673621877
-0.7175795466159753
-0.7226939454625453
-0.7273847327947156
-0.7316461936106826
-0.7354731359768695
-0.7388608973534987
-0.7418053502751771
-0.744302907379578
-0.7463505257780889
-0.7479457107631025
-0.749086518847434
-0.7497715601321608
-0.75
-0.7497715601321608
-0.749086518847434
-0.7479457107631025
-0.7463505257780889
-0.744302907379578
-0.7418053502751771
-0.7388608973534987
-0.7354731359768696
-0.7316461936106825
-0.7273847327947156
-0.7226939454625453
-0.7175795466159753
-0.7120477673621877
-0.7061053473220976
-0.6997595264191645
-0.6930180360586597
-0.6858890897081407
-0.6783813728906053
-0.6705040326025209
-0.6622666661696168
-0.6536793095540229
-0.6447524251269942
-0.6354968889221241
-0.625923977384572
-0.6160453536324523
-0.6058730532471218
-0.5954194696096775
-0.5846973388015302
-0.5737197240874519
-0.5625000000000002
-0.551051836044709
-0.5393891800459042
-0.5275262411534251
-0.5154774725309672
-0.503257553747126
-0.4908813728906054
-0.47836400843137467
-0.46572071084987543
-0.45296688405665986
-0.4401180666250989
-0.4271899128600243
-0.41419817372537
-0.4011586776540471
-0.3880873112634381
-0.3750000000000001
-0.36191268873656207
-0.34884132234595305
-0.3358018262746302
-0.3228100871399755
-0.30988193337490133
-0.2970331159433405
-0.2842792891501247
-0.27163599156862517
-0.2591186271093948
-0.2467424462528745
-0.2345225274690331
-0.22247375884657478
-0.21061081995409597
-0.19894816395529105
-0.18749999999999992
-0.17628027591254825
-0.1653026611984702
-0.15458053039032266
-0.1441269467528781
-0.13395464636754778
-0.12407602261542833
-0.11450311107787628
-0.10524757487300593
-0.09632069044597716
-0.08773333383038337
-0.07949596739747941
-0.07161862710939479
-0.06411091029185939
-0.05698196394134056
-0.05024047358083561
-0.04389465267790238
-0.03795223263781236
-0.03242045338402455
-0.027306054537454716
-0.022615267205284423
-0.01835380638931755
-0.014526864023130498
-0.011139102646501364
-0.00819464972482295
-0.005697092620421951
-0.0036494742219111975
-0.0020542892368975996
-0.0009134811525658426
-0.00022843986783904757
0.0
