[89.44759006 88.93972544 88.3356405  87.83564272 87.24050229 86.74959426
 86.16770494 85.68955785 85.12476454 84.6622288  84.11763762 83.67295036
 83.23684848 82.72515795 82.30857091 81.8204333  81.42335333 80.95822654
 80.57977732 80.20925255 79.77446299 79.41973009 79.00227762 78.66051206
 78.32356235 77.92454062 77.59556113 77.26896383 76.87906643 76.55489687
 76.23054877 75.90522365 75.5124524  75.18226327 74.84866486 74.51095223
 74.16844384 73.75019082 73.39488667 73.0328136  72.66343295 72.28623284
 71.90073853 71.50649827 71.10309831 70.606389   70.18152877 69.7463878
 69.30413184 68.85976464 68.41316035 67.9642461  67.51297112 66.96827578
 66.51169253 65.96057794 65.49862257 64.9410316  64.37989423 63.81518635
 63.34184275 62.77047599 62.19537832 61.61644332 61.03351962 60.44643169
 59.85494541 59.15891954 58.5568077  57.9491242  57.33534973 56.61069227
 55.98128991 55.23605812 54.58662043 53.81459192 53.13865841 52.33066489
 51.61862208 50.76074116 49.99761248 49.06761088 48.08431456 47.18751146
 46.05851353 44.80691928 43.59130822 41.89990731 39.59565755]
[0.0521058  0.05217852 0.0523264  0.05250161 0.05277254 0.05304967
 0.05344378 0.0538241  0.05434425 0.05483137 0.05548101 0.05607718
 0.05672375 0.05756679 0.05832599 0.05930559 0.06017946 0.06129745
 0.06228714 0.06332954 0.06464965 0.06580696 0.06726343 0.06853268
 0.06985117 0.07149647 0.07291823 0.07438401 0.07619802 0.07775273
 0.07934361 0.08096764 0.08295564 0.08464075 0.08634768 0.08807239
 0.08981072 0.09190848 0.09366106 0.09541266 0.09715847 0.09889362
 0.10061313 0.10231197 0.10398505 0.10595162 0.10755019 0.10910679
 0.11060498 0.11202543 0.11336783 0.11463194 0.11581771 0.11713725
 0.11815076 0.11926395 0.12010597 0.12101391 0.1218105  0.12249617
 0.12298315 0.12346663 0.12384045 0.12410501 0.12426065 0.12430772
 0.12424649 0.12403845 0.12374316 0.12333992 0.12282867 0.12209531
 0.12134883 0.12033965 0.11935504 0.11806516 0.11683667 0.11525705
 0.1137743  0.1118887  0.11013308 0.10791235 0.10549082 0.10323838
 0.10037433 0.09720414 0.09417248 0.0901016  0.08496095]
[-1.34121300e-05 -4.92346957e-05 -1.22031097e-04 -2.07853485e-04
 -3.41597032e-04 -4.79266560e-04 -6.76851799e-04 -8.69367426e-04
 -1.13515469e-03 -1.38682824e-03 -1.72682663e-03 -2.04339287e-03
 -2.39177679e-03 -2.85420180e-03 -3.27871403e-03 -3.83817820e-03
 -4.34874005e-03 -5.01827647e-03 -5.62672117e-03 -6.28409376e-03
 -7.14178736e-03 -7.91766768e-03 -8.92714528e-03 -9.83790919e-03
 -1.08158167e-02 -1.20833115e-02 -1.32224893e-02 -1.44413101e-02
 -1.60146971e-02 -1.74229302e-02 -1.89236718e-02 -2.05208374e-02
 -2.25700612e-02 -2.43924993e-02 -2.63228553e-02 -2.83642190e-02
 -3.05193622e-02 -3.32590206e-02 -3.56721699e-02 -3.82049904e-02
 -4.08582014e-02 -4.36318751e-02 -4.65253531e-02 -4.95371879e-02
 -5.26650632e-02 -5.65670904e-02 -5.99375358e-02 -6.34101575e-02
 -6.69505967e-02 -7.05089360e-02 -7.40760048e-02 -7.76424434e-02
 -8.11987851e-02 -8.54394490e-02 -8.89392953e-02 -9.30833636e-02
 -9.64783011e-02 -1.00466476e-01 -1.04343792e-01 -1.08091388e-01
 -1.11101294e-01 -1.14560128e-01 -1.17832386e-01 -1.20896402e-01
 -1.23729277e-01 -1.26306941e-01 -1.28603602e-01 -1.30890601e-01
 -1.32479744e-01 -1.33690744e-01 -1.34486431e-01 -1.34833275e-01
 -1.34576942e-01 -1.33554122e-01 -1.31982026e-01 -1.29227196e-01
 -1.25968917e-01 -1.20958300e-01 -1.15461490e-01 -1.07385394e-01
 -9.87616871e-02 -8.62599348e-02 -7.04379801e-02 -5.34371536e-02
 -2.81464678e-02  5.64396604e-03  4.52092978e-02  1.13787583e-01
  2.41598116e-01]
[2.58654738e-07 1.82303633e-06 7.09764093e-06 1.57333436e-05
 3.30063573e-05 5.46124030e-05 9.10880352e-05 1.31803611e-04
 1.95064856e-04 2.61430842e-04 3.59643468e-04 4.58778644e-04
 5.75376223e-04 7.40787930e-04 9.02053041e-04 1.12666316e-03
 1.34227618e-03 1.63863073e-03 1.91992544e-03 2.23537845e-03
 2.66325607e-03 3.06478921e-03 3.60597524e-03 4.11104561e-03
 4.66986393e-03 5.41801871e-03 6.11213414e-03 6.87642079e-03
 7.89474879e-03 8.83541263e-03 9.86737636e-03 1.09983594e-02
 1.24979674e-02 1.38768510e-02 1.53834805e-02 1.70281868e-02
 1.88220094e-02 2.11880215e-02 2.33523085e-02 2.57059708e-02
 2.82632251e-02 3.10391281e-02 3.40495691e-02 3.73113343e-02
 4.08420884e-02 4.54603414e-02 4.96497708e-02 5.41712199e-02
 5.90077316e-02 6.41142773e-02 6.94979887e-02 7.51659293e-02
 8.11252884e-02 8.86714360e-02 9.52977069e-02 1.03666073e-01
 1.10996368e-01 1.20233025e-01 1.29964179e-01 1.40205717e-01
 1.49142430e-01 1.60364803e-01 1.72149430e-01 1.84517828e-01
 1.97493661e-01 2.11103188e-01 2.25375705e-01 2.42909013e-01
 2.58736488e-01 2.75346643e-01 2.92788782e-01 3.14265611e-01
 3.33716964e-01 3.57737366e-01 3.79571454e-01 4.06656952e-01
 4.31414044e-01 4.62336686e-01 4.90837201e-01 5.26804978e-01
 5.60378452e-01 6.03434416e-01 6.51715877e-01 6.98458163e-01
 7.61416744e-01 8.37397259e-01 9.18658690e-01 1.04740094e+00
 1.26545951e+00]
[1.34146239e-05 4.92684353e-05 1.22237331e-04 2.08448098e-04
 3.43187925e-04 4.82368065e-04 6.82953430e-04 8.79301947e-04
 1.15179272e-03 1.41125429e-03 1.76388028e-03 2.09426175e-03
 2.46001098e-03 2.94876833e-03 3.40053898e-03 4.00012272e-03
 4.55118065e-03 5.27903489e-03 5.94525902e-03 6.66983892e-03
 7.62220831e-03 8.49013512e-03 9.62792710e-03 1.06623240e-02
 1.17808964e-02 1.32424070e-02 1.45668255e-02 1.59948929e-02
 1.78549036e-02 1.95351738e-02 2.13417541e-02 2.32823683e-02
 2.57993575e-02 2.80635175e-02 3.04884271e-02 3.30830480e-02
 3.58566522e-02 3.94346891e-02 4.26360647e-02 4.60479992e-02
 4.96810076e-02 5.35459429e-02 5.76539820e-02 6.20166804e-02
 6.66459682e-02 7.25705061e-02 7.78306363e-02 8.33988558e-02
 8.92428977e-02 9.53003180e-02 1.01573741e-01 1.08066026e-01
 1.14780465e-01 1.23136197e-01 1.30352795e-01 1.39323965e-01
 1.47065483e-01 1.56682779e-01 1.66668278e-01 1.77035000e-01
 1.85975703e-01 1.97080930e-01 2.08614231e-01 2.20596393e-01
 2.33050810e-01 2.46004064e-01 2.59486213e-01 2.75929589e-01
 2.90681015e-01 3.06086570e-01 3.22198496e-01 3.41969131e-01
 3.59830468e-01 3.81854326e-01 4.01862842e-01 4.26696080e-01
 4.49428799e-01 4.77897606e-01 5.04234582e-01 5.37638454e-01
 5.69014833e-01 6.09568594e-01 6.55511322e-01 7.00499347e-01
 7.61936796e-01 8.37416279e-01 9.19770444e-01 1.05356364e+00
 1.28831573e+00]
[2.57449727e-04 9.44228259e-04 2.33605467e-03 3.97031846e-03
 6.50315329e-03 9.09276350e-03 1.27789136e-02 1.63365840e-02
 2.11943817e-02 2.57380820e-02 3.17925062e-02 3.73460601e-02
 4.33682700e-02 5.12234284e-02 5.83022914e-02 6.74493314e-02
 7.56268110e-02 8.61216109e-02 9.54492170e-02 1.05319562e-01
 1.17900233e-01 1.29015771e-01 1.43137610e-01 1.55580148e-01
 1.68657110e-01 1.85217623e-01 1.99769326e-01 2.15031322e-01
 2.34322411e-01 2.51247433e-01 2.68978865e-01 2.87551528e-01
 3.11001862e-01 3.31560353e-01 3.53089142e-01 3.75634731e-01
 3.99246911e-01 4.29064760e-01 4.55216529e-01 4.82619359e-01
 5.11339930e-01 5.41449918e-01 5.73026448e-01 6.06152764e-01
 6.40918768e-01 6.84940065e-01 7.23668041e-01 7.64378231e-01
 8.06861450e-01 8.50702574e-01 8.95966201e-01 9.42721798e-01
 9.91044132e-01 1.05121299e+00 1.10327511e+00 1.16819843e+00
 1.22446443e+00 1.29475017e+00 1.36825876e+00 1.44522886e+00
 1.51220473e+00 1.59622828e+00 1.68454031e+00 1.77749783e+00
 1.87549964e+00 1.97899261e+00 2.08847915e+00 2.22454888e+00
 2.34906728e+00 2.48165046e+00 2.62315390e+00 2.80083766e+00
 2.96525689e+00 3.17313806e+00 3.36695329e+00 3.61407289e+00
 3.84664168e+00 4.14636349e+00 4.43188455e+00 4.80511846e+00
 5.16661160e+00 5.64873791e+00 6.21391789e+00 6.78526106e+00
 7.59095249e+00 8.61502686e+00 9.76687044e+00 1.16930621e+01
 1.51636216e+01]
[ 1.  2.  3.  4.  5.  6.  7.  8.  9. 10. 11. 12. 13. 14. 15. 16. 17. 18.
 19. 20. 21. 22. 23. 24. 25. 26. 27. 28. 29. 30. 31. 32. 33. 34. 35. 36.
 37. 38. 39. 40. 41. 42. 43. 44. 45. 46. 47. 48. 49. 50. 51. 52. 53. 54.
 55. 56. 57. 58. 59. 60. 61. 62. 63. 64. 65. 66. 67. 68. 69. 70. 71. 72.
 73. 74. 75. 76. 77. 78. 79. 80. 81. 82. 83. 84. 85. 86. 87. 88. 89.]
6147.935568101619
8.24963229725955
-4.338948038834637
15.110385302027527
16.595153505129336
156.4197451273371
