4.202770497153856
4.205750520640845
4.209363181927925
4.213775884042699
4.219532402241531
4.226662364634483
4.232949998608242
4.238157456030307
4.244798957782623
4.250274067616769
4.25426376329432
4.25862775270436
4.264191073131736
4.268565405774079
4.271968695919132
4.277559208738536
4.282535589150585
4.286710763581512
4.29166329663193
4.295934379797665
4.298467478865573
4.29969913899355
4.302170795194951
4.30385769032041
4.305017570864605
4.3064622004598325
4.314717411190419
4.325266221356993
4.3356883389581675
4.348111424336511
4.3599000369245635
4.370339861849321
4.381434337837536
4.392162597689349
4.401550149940938
4.41088142701151
4.420763771437942
4.42955048513479
4.437294831926258
4.44594193277701
4.453004297426302
4.458072230173607
4.462018369779972
4.465186187106758
4.466442736715417
4.465752119862197
4.466017301721848
4.46425535996406
4.460623249923308
4.4571428407747575
4.452972506966729
4.447271069846615
4.4404301245183335
4.433029913777029
4.423282556946055
4.411458061199496
4.399632736068729
4.386764071668614
4.3716142488760585
4.354276849436442
4.336641073442749
4.322580449891975
4.311842957554156
4.30257745633161
4.292223172039613
4.280029464538523
4.266806625994092
4.252651361468545
4.23664111592766
4.218930194539442
4.2011036611390455
4.187387292933313
4.174694197499443
4.161790995079434
4.148876805700952
4.135184104548779
4.120847582194081
4.107990756042283
4.093818636010953
4.078140090396467
4.062187407504143
4.046985479425987
4.031092177352836
4.014573120828353
4.000699123727112
3.987820851260736
3.9751591962730184
3.9634026316998616
3.9531598438791193
3.9425800923598313
3.9313173887009856
3.9297086270910664
3.92737492503236
3.9244805068249997
3.9220544277490186
3.9188700555500158
3.9142799756777604
3.9085210128057586
3.90758334663112
3.9076672599017788
3.9086319526556994
3.9100021265341867
3.9107381131689176
3.9101982509730524
3.908518194655361
3.907533391668197
3.9056591470640805
3.9027971007009663
3.901022923935698
3.8986677356816997
3.894820819012375
3.889701665178977
3.8854511801487877
3.8803703974654296
3.874361278532356
3.8686619296286433
3.862286820843982
3.8553574264576396
3.849509933260696
3.8428466237982635
3.8347542351991746
3.8253246647014474
3.815244098229377
3.8034602427810844
3.790268793397518
3.776235619098806
3.7620347677364525
3.747357779453068
3.732500253111315
3.717652863323431
3.701046111618641
3.682332759104511
3.661550116482511
3.642139551074535
3.621858631650136
3.600168846237211
3.579723483490456
3.558384049557109
3.5353197839778367
3.5117103873423727
3.487889974939521
3.463868923691323
3.4405119597347564
3.4187130570541115
3.395682940091466
3.371957603294563
3.3499770196516376
3.328418530693711
3.306939242121882
3.285772044448481
3.266293558924871
3.2462067324003336
3.2258043148360005
3.2087487078104613
3.192924851795139
3.1776674457012843
3.1639222944012086
3.1560970227267413
3.1489902734685042
3.142347580217101
3.1377647136792057
3.1339011465934785
3.130385230622245
3.127942675529523
3.1277715453863264
3.128834545100779
3.1313019668009963
3.1376432169194857
3.1481562533917207
3.160558092965578
3.1734587513127708
3.186742597278221
3.199876232613242
3.2128739946811606
3.2272901021350178
3.241222492925935
3.2549113914046557
3.269562324206414
3.2854216790815807
3.3005530655142308
3.3148428088606026
3.3299301297391186
3.34436327712371
3.3575050163273064
3.3700042264481906
3.3834682806799123
3.3962273951650337
3.408251356366759
3.4205207901433465
3.431624825468824
3.4410724673975635
3.449423739539622
3.4571705548685645
3.4635928211473
3.468490084707162
3.473209510124372
3.4767243115070388
3.4792804180300174
3.4827363718661473
3.4859602494477606
3.4881767640144177
3.489360389270723
3.489923807689879
3.489073274667169
3.4870323041487246
3.4857776467089803
3.4823771031934903
3.4776399343532147
3.473556638372159
3.4707395106979297
3.4676393146741513
3.464460771086584
3.4618986085010612
3.459295673069601
3.4562563707582585
3.453775427518488
3.4522794351037924
3.4501054114185234
3.446682010886219
3.4477241139993944
3.4479687375239356
3.4477085490906805
3.4486565197992594
3.4511650106123106
3.453447030584131
3.4550296328176557
3.4581373954179475
3.462038079762663
3.4665939005353272
3.473331131683123
3.4800753305505037
3.486252589836652
3.49196769777984
3.499119521163347
3.505761397601844
3.511869348377012
3.518022626092903
3.5233466236856485
3.527567983848965
3.5309444830396908
3.5345624514972127
3.538028825332403
3.543111840864622
3.5611480486167935
3.5784437766327866
3.5958246156520395
3.6153042294935442
3.6351915595538387
3.654207065549861
3.6725248911889046
3.6922103426375927
3.7127247821751856
3.7336281381155376
3.7561234124643996
3.7790262427964154
3.8009204792294913
3.8216343581526875
3.8424277378711666
3.8628118627106383
3.8823948145008473
3.901836158459589
3.922395279680594
3.9416569037491365
3.9594367496058416
3.9764389272147476
3.9923103267157978
4.006641229556264
4.020696047309719
4.034028829269849
4.046389468890312
4.058112370293202
4.070974390395001
4.085079636540638
4.099558603781612
4.113009225863537
4.126537313575865
4.13985682998778
4.153371696032751
4.168736738330561
4.183208717661408
4.196487469922895
4.210216567262379
4.225174100805804
4.239179246063776
4.251881900522336
4.266162756695064
4.278985954248326
4.290204700053646
4.301620668618748
4.312559936622514
4.322229219008337
4.331094081455006
4.33985831837798
4.347380214634556
4.353654979928996
4.361040128991865
4.366979551635825
4.371394494829049
4.375421376687249
4.379063369686937
4.381034367972241
4.381474802542548
4.38249138610272
4.383682535531545
4.383972470058546
4.3833616811827
4.382922478238123
4.381296069447367
4.378459711415288
4.378564414462748
4.378959748090133
4.379550106738466
4.38288108272886
4.386490037103539
4.388478972033488
4.388843485283385
4.3897736344989715
4.388976705775084
4.385271276705411
4.3797975157705356
4.375095374347389
4.370369759167059
4.3663183588472165
4.3650517402765425
4.361943875595319
4.3570740924426
4.352548318347979
4.3489907329265405
4.344835561645217
4.34035433330461
4.33724844936548
4.332850020069786
4.327201909469208
4.322472241925706
4.31699659931908
4.30986595320472
4.301529625347586
4.293344579061073
4.283281255520807
4.271480570150862
4.260992646875285
4.252605366591757
4.244235270978957
4.235303296859049
4.230533888703436
4.2245263139974645
4.2168328793074155
4.21133485813053
4.206178201298288
4.20078762933408
4.196827690437219
4.197825236554457
4.198455686926006
4.197804980786043
4.199111191026464
4.199706003597835
4.1995151450335655
4.200914231221272
4.202445731515321
4.202890071164106
4.202770497870239
