2.23786310245662
2.2462636348943983
2.253628748086977
2.259564751299232
2.265261055340973
2.271393423156794
2.2765651306820125
2.2808710835487847
2.286049127909002
2.290357276685934
2.293815639087056
2.2973235640957106
2.299954216638082
2.3008491320676927
2.3000756793004227
2.2997293922784587
2.298240190059429
2.2958359120019134
2.294290861418239
2.291333669379176
2.2864625989322858
2.2802686627647004
2.274940731037961
2.270174774003909
2.265919768040707
2.261163206780862
2.25563104661983
2.2485638809969366
2.2402985224022913
2.231726842156
2.2217535615688773
2.2106605427283186
2.2003321499839816
2.1890715863016155
2.176778284970773
2.164085898721685
2.151023768521824
2.1403234870906394
2.1329287172472884
2.1269733893151366
2.120850955772878
2.113842834850653
2.1070785309093325
2.1008844387659398
2.0946576514214135
2.0884354330146686
2.0837057864768185
2.079000363331088
2.0742997013475306
2.070585470861948
2.0665612466318004
2.0618661404584735
2.0566759147160845
2.05306365690695
2.049644403136705
2.0462915521628653
2.043058007145809
2.0403915535818586
2.0377239475934443
2.0348259386879497
2.0299707602935295
2.0245115511845393
2.019242661517018
2.015159316999715
2.0126780577463577
2.010613130098046
2.008954824840296
2.007363983016366
2.005371712285572
2.0031666131334838
2.002976513478318
2.0024076163415794
2.0009237647615357
1.9989431760175793
1.997949211154388
1.9973725104736624
1.9972758020514083
1.9984047487672116
1.9991044291619224
1.999305874686989
1.9998429176921486
2.00106430603836
2.001690276210401
2.00169618371281
2.002997860962631
2.0051852031499338
2.007429233597065
2.0096570259685507
2.0126704832325917
2.0144809287979957
2.014632674575684
2.0152908062445283
2.0154761029869803
2.014629648250517
2.013349332914322
2.010829744749978
2.0075015314854694
2.003987155608102
2.0008044968084735
1.996180603606957
1.9902069121902854
1.983818127533941
1.9774159193177403
1.970896444741414
1.9649052679928998
1.9602813553652034
1.9567768868251691
1.9541432488874515
1.9521484599809364
1.9509197215575484
1.9493065365218585
1.9475339525834054
1.945228424482107
1.9428236422181426
1.940461410970483
1.9393982319807366
1.9380253935578147
1.9356057551527952
1.9322490728919202
1.9300502327091387
1.9273985543879495
1.924204674410333
1.9208760918173873
1.917092404387736
1.9132155645274134
1.9107891299587936
1.9085370249142488
1.9052297084997245
1.9009937575413256
1.8989886980988375
1.8970913551804052
1.8949096910070278
1.8923069551645344
1.8896132765999132
1.8856074706756938
1.8805642041060062
1.8791955673445728
1.8772561907443672
1.8748561883170523
1.8730083408525375
1.8703612725871586
1.866383805468808
1.8611342160533044
1.857053246913885
1.8538681778813355
1.8513375158845313
1.8494801167715897
1.8473020232143824
1.8437153768791223
1.8388097799668799
1.834898251965992
1.8303627356772723
1.8256779379536043
1.825999432098567
1.827088582537371
1.8280838196249836
1.8288821687519015
1.8295402060879156
1.82927441744535
1.8281257925887817
1.8268444939516861
1.8248059146961995
1.8217663314440806
1.8187716601224968
1.8186604879405976
1.8173713549598223
1.8145042777571108
1.813336965406787
1.811526990777205
1.8090929017263804
1.8073325814249375
1.8052470141820123
1.8041138793320959
1.8044517155910351
1.8052451334681558
1.80481045400685
1.8035366206584005
1.8034004605785556
1.8035986769033423
1.8030005279929966
1.8018269097642439
1.8019991362738537
1.801204474353992
1.7993677432250141
1.7979036050053063
1.7959027576501956
1.792942718133204
1.7895973418047484
1.7887513503513082
1.7874436223031611
1.7853563615673436
1.783034283191167
1.7798064187760008
1.7751878167227872
1.7691950780935428
1.7638188681080575
1.757887336290192
1.7513118893617614
1.7447303892211306
1.736731540209743
1.7275885013166852
1.718911591460373
1.711633511629865
1.7046523257105262
1.6977328134730048
1.6908780121301477
1.6843784714680972
1.6773022791395142
1.6698444971812159
1.6631982684399285
1.6565007037208423
1.6493117788123388
1.642299298222975
1.6354699177401146
1.6282608284754345
1.6210000246306584
1.6144693123457412
1.6105394979165637
1.6098183347861827
1.6096159945093163
1.6096863275110558
1.6104588378002767
1.6124504035323162
1.6146118796270446
1.6166908336289003
1.619166155607532
1.6226343065698878
1.6265180868031206
1.6303302455271163
1.6343678865072004
1.6385111031154345
1.6426724167014108
1.6471435754428851
1.6642103651049571
1.6818605674190905
1.6994496953270062
1.7170963992716397
1.7363155882505503
1.7556580374067974
1.7747442041401482
1.7883304195986462
1.800131399204849
1.8117140316626035
1.8242204491185559
1.836629981624515
1.8488455604406036
1.8610045930130543
1.8728758644346204
1.8837325538659886
1.8938313538974147
1.905560967557785
1.9166881017621131
1.9267679065608365
1.9361910202942805
1.9465506974482454
1.9561973691452845
1.965105494461566
1.9740555598544263
1.982019411106342
1.9890077586655532
1.9957925629055424
2.0027834305953935
2.008851244171272
2.0139206249451047
2.0202616506184805
2.025995067992867
2.0310260650997827
2.036586844305854
2.0414666367211987
2.044448711455596
2.0457903892044254
2.048274559512097
2.049765335409015
2.0503830283332345
2.0508814774003725
2.0504704250841255
2.0493286388006178
2.0479856606265345
2.047143533729249
2.0457801109926983
2.0438215902289194
2.0416923473707027
2.039947361636667
2.0382224495476446
2.0370085573549574
2.0381355680973705
2.038816753883622
2.0389382624420676
2.040268237427272
2.041840152310331
2.0430901936231263
2.044291838203533
2.0448376435936098
2.044941983529615
2.0447340797895848
2.0456765702713877
2.046025722674773
2.045718058213566
2.04552634816018
2.046046361791418
2.0461811953853544
2.045992652802373
2.0463010555241863
2.0466672258237013
2.046574492552712
2.0465243204645143
2.0476096570376057
2.0483579749449174
2.048328036774262
2.0497977686899524
2.0505177063599365
2.050671773840347
2.051219957868261
2.0529453033709637
2.053903198892826
2.0535455245753487
2.053669775031196
2.0536689470723473
2.053161919510955
2.0528473384139425
2.052215816647016
2.0505737716984216
2.0480255101417626
2.0464281772246387
2.043909551533752
2.0404421200879694
2.036667672732894
2.032490892854704
2.0271671254162853
2.0206948092477117
2.014170623459585
2.0072423080881654
2.0018063224671043
2.0090682552920245
2.0174086449650903
2.0257964500412564
2.034211040560627
2.044883015867452
2.055399989001696
2.0655706945863734
2.0762239845921773
2.086233895669718
2.095038486736169
2.1027002358200946
2.1130770222864124
2.1224358208763268
2.1305148075179208
2.139476503669101
2.1478189722360455
2.1555664248983932
2.1635378807618335
2.1716481223876776
2.1793789961293704
2.186655698136063
2.194325355847797
2.201221606570518
2.2075444159617947
2.214847980873321
2.2228848480282273
2.2306480387135217
2.2378631028076748
