46.51027686670698
46.409957616683954
46.30723558981068
46.202880694050585
46.09659454962031
45.987674761496116
45.877073095576954
45.765255467776825
45.65248558817732
45.539017036003536
45.4245471859412
45.31001300888541
45.195207280043554
45.080824505592375
44.96679799748366
44.853013944549026
44.73990671581103
44.62791386994758
44.51705701226951
44.40753372052943
44.2994290851143
44.192230355596664
44.08765942426144
43.98611794838681
43.88734550919205
43.791532564482786
43.6981523652178
43.6072109919742
43.51917686859456
43.43374078844486
43.350726439916265
43.270201970048404
43.19336614930971
43.11902319053239
43.04727067045882
42.97818694982068
42.911252843226535
42.849291186618565
42.793579542225814
42.7420843487688
42.69375383250978
42.64527825578323
42.599323443188354
42.555924332049955
42.5124899784299
42.470667024123756
42.43143039138724
42.39196308265488
42.3520982957534
42.31318969201408
42.27377151665857
42.231578430013876
42.18704402096236
42.14336226123763
42.09827778854247
42.05082149496888
42.00007760813729
41.94746805555864
41.89349137348348
41.83391620345147
41.76785612387506
41.698153189917825
41.62515855720064
41.550085835927575
41.47425233898964
41.395400990899454
41.313012465088
41.227528294135475
41.13743204839548
41.04250483355615
40.948107554991275
40.84939248991375
40.74497670431678
40.635986853647275
40.52571303088798
40.413502141522706
40.29923156620031
40.18489506438706
40.06747789082507
39.94599833652225
39.82286174104929
39.70033098541543
39.57397883725445
39.44406448323818
39.31667441090289
39.19140461903167
39.06566556675585
38.93969477892676
38.81584088115966
38.689581339517716
38.55852567948771
38.429472583482394
38.30030251056227
38.16981019581694
38.03823560472845
37.904580581185364
37.770240962393366
37.63725300806
37.50789241475954
37.37555279127266
37.240646959017106
37.10686304650934
36.975471740772996
36.84623840338668
36.72242050983112
36.607387956087905
36.50105183905582
36.402152627891134
36.30936660708919
36.22366225801301
36.139852578604994
36.05833116752445
35.97740550029738
35.89850643895834
35.82271683130491
35.75587691103227
35.68898555100544
35.61866600688768
35.54600512689005
35.47970271968732
35.41147478778063
35.341753889481105
35.271558773104395
35.19793292453825
35.123960919770425
35.05736277317675
34.99066095784087
34.91684576635747
34.836588209096526
34.768005843047106
34.69850468507626
34.6250543717921
34.54800034355631
34.468861181206236
34.38000502444471
34.282800936677496
34.206283197836804
34.125591148113216
34.04043774055183
33.95785672509958
33.87014017860225
33.773444528353956
33.66725623572012
33.56856597145038
33.47668448231084
33.38957273788265
33.30822751642832
33.226334849672334
33.135860223603245
33.03833758098028
32.949955597429124
32.85913538958179
32.770617130318286
32.72100411388416
32.68000082759626
32.64246820973088
32.60812091993768
32.57707568720394
32.54343825851846
32.507537593465216
32.475395413143886
32.44248558137493
32.407686291213295
32.37808481110997
32.37517367440975
32.368209762593025
32.35329239929287
32.356443026782834
32.35976072279411
32.36344613286274
32.37818601786885
32.39694546760394
32.42549880431277
32.4709371283674
32.52537672467222
32.576345542131165
32.624346853291186
32.686624827572096
32.75798001842121
32.8283269881124
32.8978766065729
32.98074293321937
33.06458714804509
33.144989849924094
33.230777691194504
33.31762005570193
33.40332594069143
33.489878518973214
33.596376201349734
33.70204237065336
33.806384483906506
33.91228045471949
34.01360398143534
34.10727455245812
34.19550107248347
34.28736624143211
34.376600303561766
34.461859332558305
34.54638561991362
34.62160543256508
34.688635214758285
34.75774701584193
34.832472617344365
34.90540162160266
34.97589177662617
35.043705856443545
35.10829507451438
35.16417150420532
35.214210209968336
35.26214001040957
35.30475478941356
35.337356316524286
35.36346563581939
35.384155174806544
35.39517546549666
35.39782149116145
35.397836399534555
35.40491434563507
35.42307775598177
35.43653448342036
35.44323380558388
35.44531665604998
35.447155355630386
35.441641573391095
35.427743652664574
35.40826114771286
35.38756016605971
35.36197881397364
35.32966707585809
35.29170515997109
35.24817326676671
35.19964866193671
35.14833080334793
35.17071108145783
35.192595488847026
35.21069084664224
35.22649525959974
35.249164956176436
35.271771159777046
35.29226789694915
35.28171834461801
35.26365398969828
35.24698730808107
35.23802678940338
35.232876561124506
35.2312280661629
35.23503635177237
35.242102645902854
35.25068095039139
35.2616284680783
35.289161966538295
35.32018578591717
35.35355226028257
35.39191114036772
35.443026082478525
35.49897113731927
35.55922719739453
35.62737100445172
35.7004240612143
35.77671028530727
35.85889908380516
35.95019338454596
36.044648524619554
36.14143373131462
36.25032288131654
36.36332751872937
36.47947141205451
36.60401827409471
36.73081124636981
36.8546784696812
36.97659267049027
37.10695462458597
37.23809568261276
37.36899202747416
37.50268114404059
37.636553478164025
37.770562546679756
37.90595804372306
38.04526095027362
38.183710945369846
38.322011563357854
38.462052165728316
38.60407083362871
38.74639606220667
38.892945001948796
39.04619591809148
39.198068172357644
39.348373134073924
39.502431777650514
39.65803555731876
39.81210953119033
39.96658522010121
40.12025547867222
40.27359619216434
40.426307680786124
40.582732362537996
40.73937359032553
40.895760797753894
41.05388303688357
41.21455592436501
41.376397329226926
41.53938777776141
41.70501304083331
41.872139949532645
42.04069320061657
42.21161010553768
42.38597809243754
42.56131235248013
42.73695458047207
42.916171145456204
43.09572929197034
43.27626776473709
43.45811905097447
43.64081017985092
43.82369462795367
44.005520251084434
44.187432949494564
44.36935221456998
44.54987226315328
44.72917969232352
44.90695607741917
45.082450236223494
45.25527572417605
45.42550911001505
45.592510697604084
45.756058937099944
45.91619746881767
46.07141679683748
46.222331560651185
46.36860300894747
46.50890017549529
46.64376755085825
46.770865217781385
46.878502740393834
46.97603654664809
47.06465354680139
47.143506534870156
47.21035109843176
47.26799103838246
47.3160812483178
47.3540119405416
47.3830286731295
47.40436741636009
47.41794382273211
47.418771624757646
47.4125523990057
47.39953894080731
47.37722580583543
47.347580055748544
47.3110447835324
47.26698095842095
47.21576235827199
47.15873701351557
47.09514720894122
47.025561099911585
46.95134520592192
46.87296217499723
46.78896900211648
46.69913910083204
46.60626581665921
46.510276866469844
