44.15874366380111
44.156401453139516
44.14725578552082
44.13169229817226
44.109619910333016
44.08097212005892
44.045372387185694
44.003112763305694
43.95428434848302
43.89896799698383
43.83681528791265
43.76827394428834
43.693707541118215
43.61274039119491
43.52539892339268
43.432811035970424
43.33418025774838
43.22960831961615
43.12001369788856
43.00461458621491
42.883152317187566
42.75606506537112
42.62452276040177
42.48787461029413
42.34622926653454
42.200384151363494
42.054603810394816
41.90665259035554
41.755496006601554
41.60306124882328
41.44757094637635
41.28877137954623
41.128508932236464
40.96613935385316
40.80104626701884
40.63464665712231
40.46788374194886
40.29915336381165
40.12878192253497
39.959360029347785
39.78836240762449
39.61535785222833
39.44129290834107
39.26702635604464
39.09111314103338
38.91356584933044
38.73842538740814
38.56174964745157
38.38373703902158
38.207538125377624
38.0320364294045
37.85577979588184
37.67960907575638
37.50456447476187
37.327511731141996
37.14865659475541
36.97168281326997
36.794817178214586
36.61531235857371
36.433293815889506
36.25215461129737
36.07923942203227
35.914632538654466
35.755312697475794
35.59565045551257
35.43405556380429
35.2718710857429
35.108998378477494
34.9432617094719
34.77456473973995
34.60595760030636
34.44845596641157
34.29459563275538
34.14090796788484
33.987748717330064
33.833254731069566
33.67720418488543
33.52521893291922
33.36938573754491
33.20911351712615
33.047350717143175
32.88710203830877
32.72417219795228
32.55834861622492
32.399227563342635
32.24186021139146
32.083996787414314
31.928330393509945
31.77702613687101
31.62337501029203
31.466557479130707
31.342319763222413
31.21579826216532
31.086936544964075
30.95993086247212
30.830718900273645
30.697026881535194
30.559226902233714
30.43952703285771
30.324647609730214
30.215016831185103
30.1088082189753
30.00217748617972
29.892857281119404
29.78199895301952
29.67669813934977
29.570590819412363
29.46392325732621
29.36539723769566
29.268026067154768
29.168587641411435
29.068223642082085
28.97563292972805
28.88407346831389
28.793231613701696
28.708260214953913
28.625480346766018
28.545184070524034
28.474395855455594
28.405558136918966
28.335625168376627
28.264609419374594
28.19559432318992
28.123646969306034
28.050032673915297
27.97708274503254
27.90770155173086
27.840214857907636
27.775745125424578
27.714515553422995
27.648538458965348
27.574844876598757
27.492342593276263
27.41902236453306
27.34362685098052
27.262407722767623
27.188959085653785
27.11169203183323
27.025248537044053
26.935775576360335
26.84457613412639
26.751710721204173
26.660994787884313
26.577898389715028
26.486077441161296
26.386888513805307
26.29488288311262
26.20243216429994
26.106333172573557
26.00767894399557
25.91487358850334
25.81314236203137
25.70392996866814
25.609855961574073
25.517891762283128
25.423923046812256
25.33370570124555
25.276052104158754
25.21718335363377
25.155700163654604
25.103078995156036
25.05017261975371
24.994017902691244
24.939853648266844
24.897492644841194
24.85852176256035
24.824304048529854
24.8115229249101
24.82297671847646
24.843552570223242
24.864667240527627
24.88414819598446
24.900087535092585
24.913286400857448
24.93461275127148
24.951839200746722
24.967057837967225
24.988356238210024
25.017965073728597
25.043563039435522
25.06487869770964
25.093176459136128
25.11930617012162
25.139305931003427
25.15871785472484
25.187211865205427
25.21446277333268
25.241032151816277
25.273361956081065
25.30270403371767
25.32638125060328
25.348062362757535
25.3711822854865
25.39073169046289
25.40559791025297
25.42460719141648
25.44043388430221
25.4548924332211
25.479931214330055
25.5078372861131
25.533617129784915
25.55730876909882
25.580793808381753
25.600182019022085
25.615558572978767
25.638417285752848
25.64886926135146
25.652853465342698
25.66242837990733
25.681325592669506
25.6998311099641
25.71836146275924
25.741370044379632
25.764881935851278
25.786119583357888
25.809863053012272
25.838955634484343
25.863107726320617
25.879088906442888
25.919432266185396
25.954184654606767
25.984440721135908
26.019457241534337
26.061669788184204
26.10097127909442
26.134106762381048
26.17396532569792
26.216024401334344
26.259801867658357
26.313738972279292
26.36588977222748
26.41279119176679
26.455194251606823
26.504368153864704
26.549307157704842
26.590271107656697
26.630413874229248
26.665197143092183
26.693957037603372
26.717544086685265
26.742793580611625
26.76729013372151
26.800732317339243
26.902982610458555
27.0018564692131
27.10211112230297
27.21441856353691
27.329678173099083
27.44185179048854
27.55248593639373
27.671414199466238
27.797458025129
27.928029951521903
28.06878888928207
28.214060498377993
28.356710722672723
28.496835992790864
28.64095820960521
28.78608372710825
28.930946245911755
29.078713682987388
29.234763176046858
29.38919866294042
29.541075787167728
29.693602640390296
29.845754853836144
29.99659567833096
30.15071442980551
30.30643463514274
30.463106826874576
30.622092198950458
30.78985862615647
30.965858565396164
31.146599708653227
31.32838558711623
31.513787108641154
31.701709320193
31.893565730990982
32.09394871468002
32.294242973948556
32.493480031515574
32.696748963512974
32.90584186135186
33.11420191971613
33.32091314736185
33.53357844011769
33.743722989427
33.9510794685557
34.160120493798246
34.36904910445078
34.575918253514104
34.781538903177584
34.98760398917544
35.19136698976829
35.392840246497805
35.59665302580306
35.79755130440391
35.99532253786973
36.19229609493582
36.388289904198395
36.58055395650633
36.769662013870914
36.959688450998186
37.14924908255433
37.336217289299576
37.52099744583871
37.70549831755093
37.886880168758495
38.06545319400724
38.24748767660798
38.428798556140976
38.60889261483991
38.79098830286139
38.97192431917521
39.14926689403187
39.32270932523578
39.49543462905996
39.66461224140378
39.82884086627386
39.98988069949604
40.15046351169364
40.30960033888212
40.467840274060755
40.627128315747605
40.78302311606858
40.93574298097964
41.086701252083806
41.23679192682422
41.384438824409145
41.52971638946259
41.67369374556975
41.81454098414419
41.952023256904575
42.08747644974529
42.219940406166884
42.34839647652697
42.47338695120593
42.59553562214117
42.7133280277567
42.82707414243329
42.9380809618036
43.046246597040664
43.15048196643301
43.25042605149265
43.34777704935794
43.439815703884854
43.52623449984631
43.608595629785455
43.68586585710327
43.75768037268508
43.82420528839622
43.8861111676636
43.94204139700874
43.99140323147695
44.035064929925994
44.072153292652075
44.102681164525414
44.126665303946126
44.144088069389895
44.1547243875116
44.15874366393584
