 numangles= 181
  g= 6.29672D-01
   scat. angle           m2               m1              s21              d21           phase func.      polarization  
    0.0000D+00       9.1739D+00       9.1739D+00       9.1739D+00       0.0000D+00       9.1739D+00       0.0000D+00
    1.0000D+00       9.1651D+00       9.1651D+00       9.1651D+00       1.2844D-03       9.1651D+00      -2.1295D-06
    2.0000D+00       9.1386D+00       9.1385D+00       9.1385D+00       5.1227D-03       9.1385D+00      -8.6967D-06
    3.0000D+00       9.0947D+00       9.0943D+00       9.0945D+00       1.1471D-02       9.0945D+00      -2.0237D-05
    4.0000D+00       9.0336D+00       9.0329D+00       9.0332D+00       2.0256D-02       9.0333D+00      -3.7644D-05
    5.0000D+00       8.9557D+00       8.9546D+00       8.9551D+00       3.1377D-02       8.9552D+00      -6.2170D-05
    6.0000D+00       8.8616D+00       8.8599D+00       8.8606D+00       4.4708D-02       8.8607D+00      -9.5428D-05
    7.0000D+00       8.7518D+00       8.7494D+00       8.7503D+00       6.0097D-02       8.7506D+00      -1.3939D-04
    8.0000D+00       8.6270D+00       8.6237D+00       8.6248D+00       7.7369D-02       8.6254D+00      -1.9640D-04
    9.0000D+00       8.4881D+00       8.4836D+00       8.4850D+00       9.6331D-02       8.4858D+00      -2.6915D-04
    1.0000D+01       8.3359D+00       8.3299D+00       8.3317D+00       1.1677D-01       8.3329D+00      -3.6071D-04
    1.1000D+01       8.1713D+00       8.1635D+00       8.1657D+00       1.3846D-01       8.1674D+00      -4.7450D-04
    1.2000D+01       7.9953D+00       7.9855D+00       7.9880D+00       1.6117D-01       7.9904D+00      -6.1433D-04
    1.3000D+01       7.8090D+00       7.7967D+00       7.7996D+00       1.8464D-01       7.8028D+00      -7.8433D-04
    1.4000D+01       7.6134D+00       7.5983D+00       7.6016D+00       2.0864D-01       7.6059D+00      -9.8902D-04
    1.5000D+01       7.4096D+00       7.3914D+00       7.3951D+00       2.3289D-01       7.4005D+00      -1.2332D-03
    1.6000D+01       7.1989D+00       7.1770D+00       7.1811D+00       2.5716D-01       7.1879D+00      -1.5222D-03
    1.7000D+01       6.9822D+00       6.9563D+00       6.9607D+00       2.8119D-01       6.9693D+00      -1.8613D-03
    1.8000D+01       6.7608D+00       6.7304D+00       6.7351D+00       3.0474D-01       6.7456D+00      -2.2564D-03
    1.9000D+01       6.5358D+00       6.5004D+00       6.5055D+00       3.2759D-01       6.5181D+00      -2.7135D-03
    2.0000D+01       6.3081D+00       6.2674D+00       6.2728D+00       3.4951D-01       6.2878D+00      -3.2390D-03
    2.1000D+01       6.0790D+00       6.0325D+00       6.0381D+00       3.7030D-01       6.0558D+00      -3.8391D-03
    2.2000D+01       5.8495D+00       5.7968D+00       5.8026D+00       3.8978D-01       5.8231D+00      -4.5206D-03
    2.3000D+01       5.6204D+00       5.5612D+00       5.5671D+00       4.0778D-01       5.5908D+00      -5.2899D-03
    2.4000D+01       5.3927D+00       5.3268D+00       5.3327D+00       4.2416D-01       5.3597D+00      -6.1537D-03
    2.5000D+01       5.1674D+00       5.0943D+00       5.1002D+00       4.3879D-01       5.1308D+00      -7.1185D-03
    2.6000D+01       4.9451D+00       4.8647D+00       4.8705D+00       4.5157D-01       4.9049D+00      -8.1904D-03
    2.7000D+01       4.7266D+00       4.6388D+00       4.6443D+00       4.6242D-01       4.6827D+00      -9.3753D-03
    2.8000D+01       4.5126D+00       4.4173D+00       4.4224D+00       4.7128D-01       4.4650D+00      -1.0678D-02
    2.9000D+01       4.3037D+00       4.2008D+00       4.2055D+00       4.7813D-01       4.2523D+00      -1.2105D-02
    3.0000D+01       4.1004D+00       3.9899D+00       3.9940D+00       4.8295D-01       4.0452D+00      -1.3657D-02
    3.1000D+01       3.9031D+00       3.7852D+00       3.7886D+00       4.8576D-01       3.8442D+00      -1.5339D-02
    3.2000D+01       3.7123D+00       3.5871D+00       3.5896D+00       4.8658D-01       3.6497D+00      -1.7152D-02
    3.3000D+01       3.5281D+00       3.3959D+00       3.3974D+00       4.8548D-01       3.4620D+00      -1.9096D-02
    3.4000D+01       3.3509D+00       3.2119D+00       3.2123D+00       4.8251D-01       3.2814D+00      -2.1168D-02
    3.5000D+01       3.1808D+00       3.0355D+00       3.0346D+00       4.7776D-01       3.1081D+00      -2.3366D-02
    3.6000D+01       3.0179D+00       2.8668D+00       2.8644D+00       4.7134D-01       2.9423D+00      -2.5683D-02
    3.7000D+01       2.8623D+00       2.7058D+00       2.7019D+00       4.6336D-01       2.7840D+00      -2.8110D-02
    3.8000D+01       2.7140D+00       2.5526D+00       2.5470D+00       4.5393D-01       2.6333D+00      -3.0638D-02
    3.9000D+01       2.5729D+00       2.4073D+00       2.3999D+00       4.4320D-01       2.4901D+00      -3.3252D-02
    4.0000D+01       2.4390D+00       2.2697D+00       2.2604D+00       4.3130D-01       2.3543D+00      -3.5937D-02
    4.1000D+01       2.3120D+00       2.1398D+00       2.1284D+00       4.1837D-01       2.2259D+00      -3.8673D-02
    4.2000D+01       2.1919D+00       2.0174D+00       2.0038D+00       4.0456D-01       2.1047D+00      -4.1439D-02
    4.3000D+01       2.0784D+00       1.9024D+00       1.8865D+00       3.9001D-01       1.9904D+00      -4.4211D-02
    4.4000D+01       1.9713D+00       1.7945D+00       1.7762D+00       3.7487D-01       1.8829D+00      -4.6962D-02
    4.5000D+01       1.8704D+00       1.6934D+00       1.6727D+00       3.5927D-01       1.7819D+00      -4.9666D-02
    4.6000D+01       1.7754D+00       1.5990D+00       1.5758D+00       3.4336D-01       1.6872D+00      -5.2292D-02
    4.7000D+01       1.6861D+00       1.5108D+00       1.4851D+00       3.2726D-01       1.5985D+00      -5.4811D-02
    4.8000D+01       1.6021D+00       1.4288D+00       1.4004D+00       3.1110D-01       1.5154D+00      -5.7192D-02
    4.9000D+01       1.5232D+00       1.3524D+00       1.3214D+00       2.9500D-01       1.4378D+00      -5.9407D-02
    5.0000D+01       1.4491D+00       1.2814D+00       1.2478D+00       2.7905D-01       1.3653D+00      -6.1427D-02
    5.1000D+01       1.3796D+00       1.2155D+00       1.1792D+00       2.6336D-01       1.2975D+00      -6.3226D-02
    5.2000D+01       1.3143D+00       1.1543D+00       1.1155D+00       2.4802D-01       1.2343D+00      -6.4782D-02
    5.3000D+01       1.2530D+00       1.0976D+00       1.0562D+00       2.3310D-01       1.1753D+00      -6.6074D-02
    5.4000D+01       1.1954D+00       1.0451D+00       1.0010D+00       2.1867D-01       1.1202D+00      -6.7089D-02
    5.5000D+01       1.1413D+00       9.9633D-01       9.4976D-01       2.0478D-01       1.0688D+00      -6.7813D-02
    5.6000D+01       1.0904D+00       9.5112D-01       9.0209D-01       1.9148D-01       1.0208D+00      -6.8243D-02
    5.7000D+01       1.0426D+00       9.0916D-01       8.5774D-01       1.7880D-01       9.7588D-01      -6.8376D-02
    5.8000D+01       9.9760D-01       8.7018D-01       8.1645D-01       1.6677D-01       9.3389D-01      -6.8217D-02
    5.9000D+01       9.5519D-01       8.3394D-01       7.7798D-01       1.5541D-01       8.9456D-01      -6.7775D-02
    6.0000D+01       9.1522D-01       8.0018D-01       7.4209D-01       1.4472D-01       8.5770D-01      -6.7062D-02
    6.1000D+01       8.7751D-01       7.6870D-01       7.0856D-01       1.3471D-01       8.2310D-01      -6.6099D-02
    6.2000D+01       8.4189D-01       7.3927D-01       6.7719D-01       1.2537D-01       7.9058D-01      -6.4905D-02
    6.3000D+01       8.0823D-01       7.1171D-01       6.4780D-01       1.1668D-01       7.5997D-01      -6.3507D-02
    6.4000D+01       7.7639D-01       6.8583D-01       6.2020D-01       1.0863D-01       7.3111D-01      -6.1931D-02
    6.5000D+01       7.4625D-01       6.6149D-01       5.9423D-01       1.0119D-01       7.0387D-01      -6.0209D-02
    6.6000D+01       7.1769D-01       6.3852D-01       5.6976D-01       9.4343D-02       6.7810D-01      -5.8371D-02
    6.7000D+01       6.9061D-01       6.1680D-01       5.4665D-01       8.8049D-02       6.5371D-01      -5.6450D-02
    6.8000D+01       6.6492D-01       5.9621D-01       5.2477D-01       8.2277D-02       6.3057D-01      -5.4478D-02
    6.9000D+01       6.4053D-01       5.7664D-01       5.0401D-01       7.6995D-02       6.0859D-01      -5.2489D-02
    7.0000D+01       6.1737D-01       5.5800D-01       4.8429D-01       7.2166D-02       5.8769D-01      -5.0514D-02
    7.1000D+01       5.9537D-01       5.4020D-01       4.6551D-01       6.7754D-02       5.6778D-01      -4.8585D-02
    7.2000D+01       5.7445D-01       5.2316D-01       4.4759D-01       6.3722D-02       5.4881D-01      -4.6731D-02
    7.3000D+01       5.5456D-01       5.0682D-01       4.3047D-01       6.0037D-02       5.3069D-01      -4.4980D-02
    7.4000D+01       5.3565D-01       4.9113D-01       4.1408D-01       5.6662D-02       5.1339D-01      -4.3358D-02
    7.5000D+01       5.1766D-01       4.7604D-01       3.9838D-01       5.3565D-02       4.9685D-01      -4.1890D-02
    7.6000D+01       5.0055D-01       4.6150D-01       3.8330D-01       5.0713D-02       4.8102D-01      -4.0596D-02
    7.7000D+01       4.8427D-01       4.4747D-01       3.6882D-01       4.8078D-02       4.6587D-01      -3.9497D-02
    7.8000D+01       4.6878D-01       4.3393D-01       3.5489D-01       4.5631D-02       4.5135D-01      -3.8609D-02
    7.9000D+01       4.5404D-01       4.2084D-01       3.4148D-01       4.3346D-02       4.3744D-01      -3.7947D-02
    8.0000D+01       4.4002D-01       4.0819D-01       3.2856D-01       4.1200D-02       4.2410D-01      -3.7524D-02
    8.1000D+01       4.2668D-01       3.9595D-01       3.1612D-01       3.9170D-02       4.1132D-01      -3.7350D-02
    8.2000D+01       4.1399D-01       3.8411D-01       3.0412D-01       3.7238D-02       3.9905D-01      -3.7432D-02
    8.3000D+01       4.0192D-01       3.7266D-01       2.9255D-01       3.5385D-02       3.8729D-01      -3.7777D-02
    8.4000D+01       3.9044D-01       3.6157D-01       2.8139D-01       3.3596D-02       3.7601D-01      -3.8388D-02
    8.5000D+01       3.7953D-01       3.5085D-01       2.7062D-01       3.1858D-02       3.6519D-01      -3.9269D-02
    8.6000D+01       3.6916D-01       3.4047D-01       2.6024D-01       3.0157D-02       3.5482D-01      -4.0420D-02
    8.7000D+01       3.5931D-01       3.3045D-01       2.5023D-01       2.8484D-02       3.4488D-01      -4.1840D-02
    8.8000D+01       3.4995D-01       3.2076D-01       2.4059D-01       2.6828D-02       3.3536D-01      -4.3528D-02
    8.9000D+01       3.4108D-01       3.1140D-01       2.3129D-01       2.5182D-02       3.2624D-01      -4.5481D-02
    9.0000D+01       3.3267D-01       3.0238D-01       2.2235D-01       2.3538D-02       3.1752D-01      -4.7696D-02
    9.1000D+01       3.2471D-01       2.9368D-01       2.1374D-01       2.1891D-02       3.0919D-01      -5.0168D-02
    9.2000D+01       3.1718D-01       2.8531D-01       2.0547D-01       2.0234D-02       3.0124D-01      -5.2893D-02
    9.3000D+01       3.1007D-01       2.7726D-01       1.9752D-01       1.8564D-02       2.9366D-01      -5.5864D-02
    9.4000D+01       3.0337D-01       2.6953D-01       1.8991D-01       1.6875D-02       2.8645D-01      -5.9075D-02
    9.5000D+01       2.9708D-01       2.6212D-01       1.8261D-01       1.5165D-02       2.7960D-01      -6.2521D-02
    9.6000D+01       2.9118D-01       2.5503D-01       1.7564D-01       1.3430D-02       2.7311D-01      -6.6194D-02
    9.7000D+01       2.8568D-01       2.4826D-01       1.6898D-01       1.1667D-02       2.6697D-01      -7.0086D-02
    9.8000D+01       2.8056D-01       2.4181D-01       1.6264D-01       9.8764D-03       2.6119D-01      -7.4190D-02
    9.9000D+01       2.7583D-01       2.3568D-01       1.5662D-01       8.0549D-03       2.5575D-01      -7.8498D-02
    1.0000D+02       2.7147D-01       2.2986D-01       1.5091D-01       6.2023D-03       2.5067D-01      -8.3000D-02
    1.0100D+02       2.6750D-01       2.2437D-01       1.4552D-01       4.3187D-03       2.4593D-01      -8.7688D-02
    1.0200D+02       2.6389D-01       2.1918D-01       1.4043D-01       2.4048D-03       2.4154D-01      -9.2552D-02
    1.0300D+02       2.6067D-01       2.1432D-01       1.3566D-01       4.6238D-04       2.3749D-01      -9.7582D-02
    1.0400D+02       2.5781D-01       2.0976D-01       1.3120D-01      -1.5058D-03       2.3378D-01      -1.0277D-01
    1.0500D+02       2.5532D-01       2.0550D-01       1.2704D-01      -3.4960D-03       2.3041D-01      -1.0810D-01
    1.0600D+02       2.5319D-01       2.0154D-01       1.2319D-01      -5.5032D-03       2.2737D-01      -1.1357D-01
    1.0700D+02       2.5142D-01       1.9788D-01       1.1963D-01      -7.5209D-03       2.2465D-01      -1.1917D-01
    1.0800D+02       2.5000D-01       1.9449D-01       1.1637D-01      -9.5414D-03       2.2224D-01      -1.2489D-01
    1.0900D+02       2.4892D-01       1.9137D-01       1.1338D-01      -1.1556D-02       2.2015D-01      -1.3072D-01
    1.1000D+02       2.4818D-01       1.8850D-01       1.1068D-01      -1.3553D-02       2.1834D-01      -1.3667D-01
    1.1100D+02       2.4776D-01       1.8587D-01       1.0823D-01      -1.5521D-02       2.1682D-01      -1.4273D-01
    1.1200D+02       2.4765D-01       1.8346D-01       1.0603D-01      -1.7447D-02       2.1556D-01      -1.4889D-01
    1.1300D+02       2.4784D-01       1.8126D-01       1.0407D-01      -1.9315D-02       2.1455D-01      -1.5517D-01
    1.1400D+02       2.4829D-01       1.7922D-01       1.0232D-01      -2.1109D-02       2.1376D-01      -1.6156D-01
    1.1500D+02       2.4901D-01       1.7734D-01       1.0077D-01      -2.2811D-02       2.1318D-01      -1.6808D-01
    1.1600D+02       2.4995D-01       1.7559D-01       9.9390D-02      -2.4404D-02       2.1277D-01      -1.7475D-01
    1.1700D+02       2.5111D-01       1.7394D-01       9.8161D-02      -2.5867D-02       2.1252D-01      -1.8157D-01
    1.1800D+02       2.5245D-01       1.7235D-01       9.7055D-02      -2.7181D-02       2.1240D-01      -1.8856D-01
    1.1900D+02       2.5395D-01       1.7080D-01       9.6043D-02      -2.8326D-02       2.1237D-01      -1.9574D-01
    1.2000D+02       2.5557D-01       1.6927D-01       9.5095D-02      -2.9281D-02       2.1242D-01      -2.0314D-01
    1.2100D+02       2.5729D-01       1.6771D-01       9.4177D-02      -3.0026D-02       2.1250D-01      -2.1078D-01
    1.2200D+02       2.5908D-01       1.6610D-01       9.3257D-02      -3.0543D-02       2.1259D-01      -2.1869D-01
    1.2300D+02       2.6090D-01       1.6440D-01       9.2299D-02      -3.0814D-02       2.1265D-01      -2.2689D-01
    1.2400D+02       2.6273D-01       1.6260D-01       9.1267D-02      -3.0821D-02       2.1267D-01      -2.3540D-01
    1.2500D+02       2.6453D-01       1.6067D-01       9.0125D-02      -3.0550D-02       2.1260D-01      -2.4425D-01
    1.2600D+02       2.6627D-01       1.5858D-01       8.8836D-02      -2.9989D-02       2.1243D-01      -2.5347D-01
    1.2700D+02       2.6793D-01       1.5632D-01       8.7364D-02      -2.9127D-02       2.1213D-01      -2.6307D-01
    1.2800D+02       2.6948D-01       1.5387D-01       8.5672D-02      -2.7958D-02       2.1168D-01      -2.7307D-01
    1.2900D+02       2.7089D-01       1.5123D-01       8.3725D-02      -2.6478D-02       2.1106D-01      -2.8348D-01
    1.3000D+02       2.7214D-01       1.4837D-01       8.1491D-02      -2.4687D-02       2.1026D-01      -2.9432D-01
    1.3100D+02       2.7320D-01       1.4532D-01       7.8938D-02      -2.2589D-02       2.0926D-01      -3.0557D-01
    1.3200D+02       2.7407D-01       1.4206D-01       7.6037D-02      -2.0191D-02       2.0807D-01      -3.1723D-01
    1.3300D+02       2.7473D-01       1.3862D-01       7.2760D-02      -1.7506D-02       2.0668D-01      -3.2927D-01
    1.3400D+02       2.7516D-01       1.3501D-01       6.9086D-02      -1.4549D-02       2.0509D-01      -3.4168D-01
    1.3500D+02       2.7536D-01       1.3126D-01       6.4993D-02      -1.1340D-02       2.0331D-01      -3.5439D-01
    1.3600D+02       2.7533D-01       1.2739D-01       6.0465D-02      -7.9037D-03       2.0136D-01      -3.6735D-01
    1.3700D+02       2.7506D-01       1.2344D-01       5.5491D-02      -4.2681D-03       1.9925D-01      -3.8047D-01
    1.3800D+02       2.7457D-01       1.1946D-01       5.0061D-02      -4.6494D-04       1.9702D-01      -3.9365D-01
    1.3900D+02       2.7386D-01       1.1549D-01       4.4173D-02       3.4706D-03       1.9467D-01      -4.0675D-01
    1.4000D+02       2.7293D-01       1.1158D-01       3.7826D-02       7.5003D-03       1.9226D-01      -4.1963D-01
    1.4100D+02       2.7182D-01       1.0779D-01       3.1027D-02       1.1584D-02       1.8980D-01      -4.3211D-01
    1.4200D+02       2.7053D-01       1.0417D-01       2.3784D-02       1.5678D-02       1.8735D-01      -4.4398D-01
    1.4300D+02       2.6908D-01       1.0079D-01       1.6112D-02       1.9738D-02       1.8494D-01      -4.5500D-01
    1.4400D+02       2.6751D-01       9.7708D-02       8.0296D-03       2.3721D-02       1.8261D-01      -4.6493D-01
    1.4500D+02       2.6583D-01       9.4987D-02      -4.4088D-04       2.7579D-02       1.8041D-01      -4.7349D-01
    1.4600D+02       2.6407D-01       9.2686D-02      -9.2729D-03       3.1270D-02       1.7838D-01      -4.8040D-01
    1.4700D+02       2.6227D-01       9.0867D-02      -1.8436D-02       3.4749D-02       1.7657D-01      -4.8537D-01
    1.4800D+02       2.6044D-01       8.9583D-02      -2.7898D-02       3.7975D-02       1.7501D-01      -4.8813D-01
    1.4900D+02       2.5862D-01       8.8886D-02      -3.7621D-02       4.0909D-02       1.7375D-01      -4.8843D-01
    1.5000D+02       2.5684D-01       8.8822D-02      -4.7567D-02       4.3515D-02       1.7283D-01      -4.8607D-01
    1.5100D+02       2.5512D-01       8.9430D-02      -5.7695D-02       4.5761D-02       1.7227D-01      -4.8088D-01
    1.5200D+02       2.5349D-01       9.0740D-02      -6.7962D-02       4.7622D-02       1.7211D-01      -4.7279D-01
    1.5300D+02       2.5197D-01       9.2777D-02      -7.8325D-02       4.9073D-02       1.7237D-01      -4.6177D-01
    1.5400D+02       2.5058D-01       9.5551D-02      -8.8737D-02       5.0100D-02       1.7307D-01      -4.4790D-01
    1.5500D+02       2.4935D-01       9.9068D-02      -9.9155D-02       5.0691D-02       1.7421D-01      -4.3133D-01
    1.5600D+02       2.4829D-01       1.0332D-01      -1.0953D-01       5.0841D-02       1.7580D-01      -4.1230D-01
    1.5700D+02       2.4740D-01       1.0829D-01      -1.1983D-01       5.0553D-02       1.7785D-01      -3.9111D-01
    1.5800D+02       2.4670D-01       1.1394D-01      -1.2999D-01       4.9835D-02       1.8032D-01      -3.6811D-01
    1.5900D+02       2.4620D-01       1.2025D-01      -1.3999D-01       4.8702D-02       1.8322D-01      -3.4370D-01
    1.6000D+02       2.4588D-01       1.2715D-01      -1.4977D-01       4.7174D-02       1.8652D-01      -3.1830D-01
    1.6100D+02       2.4576D-01       1.3459D-01      -1.5930D-01       4.5280D-02       1.9017D-01      -2.9230D-01
    1.6200D+02       2.4582D-01       1.4249D-01      -1.6854D-01       4.3051D-02       1.9415D-01      -2.6611D-01
    1.6300D+02       2.4605D-01       1.5078D-01      -1.7746D-01       4.0527D-02       1.9841D-01      -2.4010D-01
    1.6400D+02       2.4644D-01       1.5936D-01      -1.8602D-01       3.7749D-02       2.0290D-01      -2.1459D-01
    1.6500D+02       2.4697D-01       1.6815D-01      -1.9420D-01       3.4764D-02       2.0756D-01      -1.8988D-01
    1.6600D+02       2.4763D-01       1.7705D-01      -2.0196D-01       3.1624D-02       2.1234D-01      -1.6621D-01
    1.6700D+02       2.4839D-01       1.8594D-01      -2.0928D-01       2.8379D-02       2.1716D-01      -1.4378D-01
    1.6800D+02       2.4923D-01       1.9473D-01      -2.1614D-01       2.5086D-02       2.2198D-01      -1.2274D-01
    1.6900D+02       2.5012D-01       2.0331D-01      -2.2252D-01       2.1799D-02       2.2671D-01      -1.0323D-01
    1.7000D+02       2.5104D-01       2.1157D-01      -2.2839D-01       1.8572D-02       2.3131D-01      -8.5311D-02
    1.7100D+02       2.5197D-01       2.1941D-01      -2.3375D-01       1.5462D-02       2.3569D-01      -6.9060D-02
    1.7200D+02       2.5288D-01       2.2673D-01      -2.3857D-01       1.2518D-02       2.3980D-01      -5.4509D-02
    1.7300D+02       2.5374D-01       2.3343D-01      -2.4286D-01       9.7919D-03       2.4359D-01      -4.1680D-02
    1.7400D+02       2.5454D-01       2.3943D-01      -2.4659D-01       7.3284D-03       2.4699D-01      -3.0579D-02
    1.7500D+02       2.5525D-01       2.4465D-01      -2.4976D-01       5.1693D-03       2.4995D-01      -2.1206D-02
    1.7600D+02       2.5586D-01       2.4902D-01      -2.5236D-01       3.3507D-03       2.5244D-01      -1.3554D-02
    1.7700D+02       2.5635D-01       2.5248D-01      -2.5439D-01       1.9035D-03       2.5442D-01      -7.6160D-03
    1.7800D+02       2.5671D-01       2.5498D-01      -2.5584D-01       8.5199D-04       2.5585D-01      -3.3821D-03
    1.7900D+02       2.5693D-01       2.5650D-01      -2.5672D-01       2.1390D-04       2.5672D-01      -8.4510D-04
    1.8000D+02       2.5701D-01       2.5701D-01      -2.5701D-01       2.9258D-18       2.5701D-01      -1.0800D-16
