 numangles= 181
  g= 5.59707D-01
   scat. angle           m2               m1              s21              d21           phase func.      polarization  
    0.0000D+00       5.3912D+00       5.3912D+00       5.3912D+00       0.0000D+00       5.3912D+00       0.0000D+00
    1.0000D+00       5.3883D+00       5.3889D+00       5.3886D+00       4.0914D-04       5.3886D+00       5.4772D-05
    2.0000D+00       5.3798D+00       5.3821D+00       5.3809D+00       1.6344D-03       5.3809D+00       2.1907D-04
    3.0000D+00       5.3655D+00       5.3707D+00       5.3681D+00       3.6692D-03       5.3681D+00       4.9282D-04
    4.0000D+00       5.3455D+00       5.3549D+00       5.3502D+00       6.5029D-03       5.3502D+00       8.7593D-04
    5.0000D+00       5.3200D+00       5.3346D+00       5.3273D+00       1.0120D-02       5.3273D+00       1.3682D-03
    6.0000D+00       5.2890D+00       5.3099D+00       5.2994D+00       1.4503D-02       5.2994D+00       1.9695D-03
    7.0000D+00       5.2526D+00       5.2808D+00       5.2666D+00       1.9627D-02       5.2667D+00       2.6796D-03
    8.0000D+00       5.2109D+00       5.2475D+00       5.2291D+00       2.5465D-02       5.2292D+00       3.4982D-03
    9.0000D+00       5.1642D+00       5.2101D+00       5.1870D+00       3.1988D-02       5.1871D+00       4.4249D-03
    1.0000D+01       5.1125D+00       5.1686D+00       5.1403D+00       3.9162D-02       5.1406D+00       5.4594D-03
    1.1000D+01       5.0560D+00       5.1232D+00       5.0892D+00       4.6948D-02       5.0896D+00       6.6012D-03
    1.2000D+01       4.9949D+00       5.0740D+00       5.0339D+00       5.5307D-02       5.0345D+00       7.8498D-03
    1.3000D+01       4.9295D+00       5.0211D+00       4.9745D+00       6.4196D-02       4.9753D+00       9.2047D-03
    1.4000D+01       4.8599D+00       4.9647D+00       4.9112D+00       7.3570D-02       4.9123D+00       1.0665D-02
    1.5000D+01       4.7864D+00       4.9049D+00       4.8442D+00       8.3381D-02       4.8456D+00       1.2231D-02
    1.6000D+01       4.7091D+00       4.8419D+00       4.7737D+00       9.3580D-02       4.7755D+00       1.3901D-02
    1.7000D+01       4.6284D+00       4.7758D+00       4.6998D+00       1.0412D-01       4.7021D+00       1.5674D-02
    1.8000D+01       4.5445D+00       4.7069D+00       4.6229D+00       1.1494D-01       4.6257D+00       1.7550D-02
    1.9000D+01       4.4576D+00       4.6352D+00       4.5430D+00       1.2599D-01       4.5464D+00       1.9527D-02
    2.0000D+01       4.3681D+00       4.5610D+00       4.4604D+00       1.3722D-01       4.4646D+00       2.1605D-02
    2.1000D+01       4.2762D+00       4.4845D+00       4.3753D+00       1.4857D-01       4.3803D+00       2.3783D-02
    2.2000D+01       4.1821D+00       4.4059D+00       4.2880D+00       1.6000D-01       4.2940D+00       2.6059D-02
    2.3000D+01       4.0861D+00       4.3252D+00       4.1987D+00       1.7144D-01       4.2057D+00       2.8431D-02
    2.4000D+01       3.9885D+00       4.2429D+00       4.1075D+00       1.8285D-01       4.1157D+00       3.0899D-02
    2.5000D+01       3.8896D+00       4.1589D+00       4.0148D+00       1.9417D-01       4.0242D+00       3.3462D-02
    2.6000D+01       3.7895D+00       4.0735D+00       3.9207D+00       2.0535D-01       3.9315D+00       3.6116D-02
    2.7000D+01       3.6887D+00       3.9870D+00       3.8255D+00       2.1635D-01       3.8378D+00       3.8862D-02
    2.8000D+01       3.5873D+00       3.8994D+00       3.7294D+00       2.2711D-01       3.7433D+00       4.1696D-02
    2.9000D+01       3.4855D+00       3.8110D+00       3.6325D+00       2.3759D-01       3.6483D+00       4.4617D-02
    3.0000D+01       3.3836D+00       3.7220D+00       3.5352D+00       2.4775D-01       3.5528D+00       4.7623D-02
    3.1000D+01       3.2819D+00       3.6326D+00       3.4375D+00       2.5755D-01       3.4572D+00       5.0712D-02
    3.2000D+01       3.1805D+00       3.5428D+00       3.3398D+00       2.6695D-01       3.3617D+00       5.3880D-02
    3.3000D+01       3.0797D+00       3.4529D+00       3.2422D+00       2.7591D-01       3.2663D+00       5.7127D-02
    3.4000D+01       2.9797D+00       3.3631D+00       3.1449D+00       2.8440D-01       3.1714D+00       6.0448D-02
    3.5000D+01       2.8806D+00       3.2735D+00       3.0480D+00       2.9239D-01       3.0771D+00       6.3842D-02
    3.6000D+01       2.7827D+00       3.1843D+00       2.9517D+00       2.9986D-01       2.9835D+00       6.7306D-02
    3.7000D+01       2.6861D+00       3.0956D+00       2.8563D+00       3.0678D-01       2.8908D+00       7.0835D-02
    3.8000D+01       2.5909D+00       3.0076D+00       2.7618D+00       3.1314D-01       2.7992D+00       7.4428D-02
    3.9000D+01       2.4973D+00       2.9203D+00       2.6684D+00       3.1890D-01       2.7088D+00       7.8080D-02
    4.0000D+01       2.4054D+00       2.8340D+00       2.5762D+00       3.2408D-01       2.6197D+00       8.1789D-02
    4.1000D+01       2.3154D+00       2.7487D+00       2.4854D+00       3.2864D-01       2.5321D+00       8.5550D-02
    4.2000D+01       2.2274D+00       2.6645D+00       2.3960D+00       3.3258D-01       2.4460D+00       8.9360D-02
    4.3000D+01       2.1414D+00       2.5816D+00       2.3082D+00       3.3591D-01       2.3615D+00       9.3215D-02
    4.4000D+01       2.0575D+00       2.5001D+00       2.2220D+00       3.3861D-01       2.2788D+00       9.7110D-02
    4.5000D+01       1.9758D+00       2.4200D+00       2.1376D+00       3.4069D-01       2.1979D+00       1.0104D-01
    4.6000D+01       1.8964D+00       2.3414D+00       2.0551D+00       3.4216D-01       2.1189D+00       1.0500D-01
    4.7000D+01       1.8193D+00       2.2644D+00       1.9744D+00       3.4301D-01       2.0418D+00       1.0900D-01
    4.8000D+01       1.7445D+00       2.1890D+00       1.8957D+00       3.4327D-01       1.9667D+00       1.1301D-01
    4.9000D+01       1.6721D+00       2.1154D+00       1.8190D+00       3.4294D-01       1.8937D+00       1.1704D-01
    5.0000D+01       1.6020D+00       2.0435D+00       1.7444D+00       3.4203D-01       1.8228D+00       1.2109D-01
    5.1000D+01       1.5344D+00       1.9734D+00       1.6718D+00       3.4057D-01       1.7539D+00       1.2514D-01
    5.2000D+01       1.4692D+00       1.9051D+00       1.6014D+00       3.3857D-01       1.6871D+00       1.2919D-01
    5.3000D+01       1.4063D+00       1.8387D+00       1.5331D+00       3.3605D-01       1.6225D+00       1.3325D-01
    5.4000D+01       1.3458D+00       1.7742D+00       1.4669D+00       3.3303D-01       1.5600D+00       1.3730D-01
    5.5000D+01       1.2877D+00       1.7116D+00       1.4028D+00       3.2953D-01       1.4997D+00       1.4133D-01
    5.6000D+01       1.2319D+00       1.6509D+00       1.3409D+00       3.2558D-01       1.4414D+00       1.4535D-01
    5.7000D+01       1.1784D+00       1.5921D+00       1.2811D+00       3.2121D-01       1.3852D+00       1.4935D-01
    5.8000D+01       1.1271D+00       1.5352D+00       1.2235D+00       3.1643D-01       1.3311D+00       1.5332D-01
    5.9000D+01       1.0780D+00       1.4803D+00       1.1679D+00       3.1128D-01       1.2791D+00       1.5725D-01
    6.0000D+01       1.0310D+00       1.4272D+00       1.1144D+00       3.0578D-01       1.2291D+00       1.6115D-01
    6.1000D+01       9.8618D-01       1.3760D+00       1.0630D+00       2.9996D-01       1.1811D+00       1.6501D-01
    6.2000D+01       9.4337D-01       1.3266D+00       1.0135D+00       2.9385D-01       1.1350D+00       1.6882D-01
    6.3000D+01       9.0255D-01       1.2790D+00       9.6603D-01       2.8747D-01       1.0908D+00       1.7258D-01
    6.4000D+01       8.6366D-01       1.2333D+00       9.2047D-01       2.8085D-01       1.0485D+00       1.7628D-01
    6.5000D+01       8.2662D-01       1.1893D+00       8.7681D-01       2.7402D-01       1.0080D+00       1.7992D-01
    6.6000D+01       7.9139D-01       1.1471D+00       8.3498D-01       2.6701D-01       9.6924D-01       1.8349D-01
    6.7000D+01       7.5789D-01       1.1065D+00       7.9494D-01       2.5983D-01       9.3221D-01       1.8699D-01
    6.8000D+01       7.2607D-01       1.0676D+00       7.5664D-01       2.5253D-01       8.9685D-01       1.9042D-01
    6.9000D+01       6.9585D-01       1.0303D+00       7.2003D-01       2.4511D-01       8.6309D-01       1.9377D-01
    7.0000D+01       6.6717D-01       9.9462D-01       6.8506D-01       2.3761D-01       8.3089D-01       1.9704D-01
    7.1000D+01       6.3998D-01       9.6041D-01       6.5167D-01       2.3005D-01       8.0020D-01       2.0022D-01
    7.2000D+01       6.1420D-01       9.2769D-01       6.1980D-01       2.2245D-01       7.7094D-01       2.0331D-01
    7.3000D+01       5.8978D-01       8.9639D-01       5.8941D-01       2.1483D-01       7.4308D-01       2.0631D-01
    7.4000D+01       5.6665D-01       8.6647D-01       5.6043D-01       2.0721D-01       7.1656D-01       2.0921D-01
    7.5000D+01       5.4476D-01       8.3788D-01       5.3281D-01       1.9962D-01       6.9132D-01       2.1200D-01
    7.6000D+01       5.2404D-01       8.1057D-01       5.0649D-01       1.9206D-01       6.6731D-01       2.1469D-01
    7.7000D+01       5.0445D-01       7.8450D-01       4.8142D-01       1.8456D-01       6.4447D-01       2.1727D-01
    7.8000D+01       4.8592D-01       7.5960D-01       4.5755D-01       1.7713D-01       6.2276D-01       2.1974D-01
    7.9000D+01       4.6840D-01       7.3584D-01       4.3482D-01       1.6979D-01       6.0212D-01       2.2208D-01
    8.0000D+01       4.5185D-01       7.1317D-01       4.1317D-01       1.6254D-01       5.8251D-01       2.2430D-01
    8.1000D+01       4.3621D-01       6.9152D-01       3.9257D-01       1.5541D-01       5.6387D-01       2.2640D-01
    8.2000D+01       4.2143D-01       6.7087D-01       3.7294D-01       1.4840D-01       5.4615D-01       2.2836D-01
    8.3000D+01       4.0747D-01       6.5116D-01       3.5425D-01       1.4153D-01       5.2932D-01       2.3019D-01
    8.4000D+01       3.9429D-01       6.3234D-01       3.3645D-01       1.3480D-01       5.1332D-01       2.3187D-01
    8.5000D+01       3.8185D-01       6.1438D-01       3.1949D-01       1.2821D-01       4.9811D-01       2.3341D-01
    8.6000D+01       3.7009D-01       5.9722D-01       3.0332D-01       1.2179D-01       4.8365D-01       2.3480D-01
    8.7000D+01       3.5900D-01       5.8082D-01       2.8790D-01       1.1552D-01       4.6991D-01       2.3603D-01
    8.8000D+01       3.4852D-01       5.6515D-01       2.7319D-01       1.0943D-01       4.5683D-01       2.3710D-01
    8.9000D+01       3.3863D-01       5.5015D-01       2.5913D-01       1.0350D-01       4.4439D-01       2.3800D-01
    9.0000D+01       3.2929D-01       5.3580D-01       2.4571D-01       9.7751D-02       4.3255D-01       2.3872D-01
    9.1000D+01       3.2047D-01       5.2206D-01       2.3287D-01       9.2178D-02       4.2126D-01       2.3927D-01
    9.2000D+01       3.1214D-01       5.0888D-01       2.2057D-01       8.6785D-02       4.1051D-01       2.3963D-01
    9.3000D+01       3.0428D-01       4.9624D-01       2.0879D-01       8.1572D-02       4.0026D-01       2.3979D-01
    9.4000D+01       2.9685D-01       4.8410D-01       1.9749D-01       7.6539D-02       3.9047D-01       2.3977D-01
    9.5000D+01       2.8984D-01       4.7243D-01       1.8664D-01       7.1687D-02       3.8113D-01       2.3953D-01
    9.6000D+01       2.8321D-01       4.6119D-01       1.7620D-01       6.7014D-02       3.7220D-01       2.3910D-01
    9.7000D+01       2.7695D-01       4.5037D-01       1.6615D-01       6.2520D-02       3.6366D-01       2.3844D-01
    9.8000D+01       2.7103D-01       4.3993D-01       1.5646D-01       5.8202D-02       3.5548D-01       2.3757D-01
    9.9000D+01       2.6543D-01       4.2985D-01       1.4710D-01       5.4058D-02       3.4764D-01       2.3648D-01
    1.0000D+02       2.6014D-01       4.2011D-01       1.3804D-01       5.0086D-02       3.4012D-01       2.3516D-01
    1.0100D+02       2.5514D-01       4.1067D-01       1.2928D-01       4.6283D-02       3.3290D-01       2.3360D-01
    1.0200D+02       2.5040D-01       4.0153D-01       1.2077D-01       4.2646D-02       3.2596D-01       2.3181D-01
    1.0300D+02       2.4592D-01       3.9266D-01       1.1250D-01       3.9172D-02       3.1929D-01       2.2979D-01
    1.0400D+02       2.4168D-01       3.8404D-01       1.0446D-01       3.5857D-02       3.1286D-01       2.2752D-01
    1.0500D+02       2.3766D-01       3.7565D-01       9.6621D-02       3.2697D-02       3.0665D-01       2.2501D-01
    1.0600D+02       2.3385D-01       3.6749D-01       8.8968D-02       2.9688D-02       3.0067D-01       2.2225D-01
    1.0700D+02       2.3024D-01       3.5954D-01       8.1488D-02       2.6828D-02       2.9489D-01       2.1924D-01
    1.0800D+02       2.2681D-01       3.5178D-01       7.4166D-02       2.4110D-02       2.8930D-01       2.1599D-01
    1.0900D+02       2.2356D-01       3.4421D-01       6.6988D-02       2.1533D-02       2.8389D-01       2.1250D-01
    1.1000D+02       2.2048D-01       3.3682D-01       5.9944D-02       1.9090D-02       2.7865D-01       2.0875D-01
    1.1100D+02       2.1755D-01       3.2959D-01       5.3022D-02       1.6779D-02       2.7357D-01       2.0476D-01
    1.1200D+02       2.1477D-01       3.2252D-01       4.6212D-02       1.4596D-02       2.6865D-01       2.0054D-01
    1.1300D+02       2.1213D-01       3.1561D-01       3.9508D-02       1.2535D-02       2.6387D-01       1.9607D-01
    1.1400D+02       2.0962D-01       3.0884D-01       3.2900D-02       1.0593D-02       2.5923D-01       1.9137D-01
    1.1500D+02       2.0723D-01       3.0222D-01       2.6383D-02       8.7671D-03       2.5473D-01       1.8644D-01
    1.1600D+02       2.0497D-01       2.9574D-01       1.9951D-02       7.0519D-03       2.5035D-01       1.8129D-01
    1.1700D+02       2.0281D-01       2.8940D-01       1.3599D-02       5.4441D-03       2.4611D-01       1.7593D-01
    1.1800D+02       2.0076D-01       2.8320D-01       7.3245D-03       3.9400D-03       2.4198D-01       1.7036D-01
    1.1900D+02       1.9881D-01       2.7715D-01       1.1238D-03       2.5359D-03       2.3798D-01       1.6460D-01
    1.2000D+02       1.9695D-01       2.7123D-01      -5.0050D-03       1.2282D-03       2.3409D-01       1.5865D-01
    1.2100D+02       1.9519D-01       2.6545D-01      -1.1063D-02       1.3333D-05       2.3032D-01       1.5253D-01
    1.2200D+02       1.9352D-01       2.5982D-01      -1.7052D-02      -1.1120D-03       2.2667D-01       1.4624D-01
    1.2300D+02       1.9193D-01       2.5433D-01      -2.2971D-02      -2.1511D-03       2.2313D-01       1.3982D-01
    1.2400D+02       1.9043D-01       2.4899D-01      -2.8819D-02      -3.1072D-03       2.1971D-01       1.3326D-01
    1.2500D+02       1.8900D-01       2.4380D-01      -3.4596D-02      -3.9834D-03       2.1640D-01       1.2660D-01
    1.2600D+02       1.8766D-01       2.3876D-01      -4.0300D-02      -4.7827D-03       2.1321D-01       1.1985D-01
    1.2700D+02       1.8639D-01       2.3389D-01      -4.5929D-02      -5.5082D-03       2.1014D-01       1.1302D-01
    1.2800D+02       1.8519D-01       2.2918D-01      -5.1480D-02      -6.1626D-03       2.0719D-01       1.0615D-01
    1.2900D+02       1.8407D-01       2.2464D-01      -5.6952D-02      -6.7488D-03       2.0435D-01       9.9247D-02
    1.3000D+02       1.8302D-01       2.2026D-01      -6.2340D-02      -7.2694D-03       2.0164D-01       9.2345D-02
    1.3100D+02       1.8204D-01       2.1607D-01      -6.7641D-02      -7.7272D-03       1.9905D-01       8.5466D-02
    1.3200D+02       1.8113D-01       2.1205D-01      -7.2853D-02      -8.1248D-03       1.9659D-01       7.8635D-02
    1.3300D+02       1.8029D-01       2.0821D-01      -7.7971D-02      -8.4646D-03       1.9425D-01       7.1880D-02
    1.3400D+02       1.7951D-01       2.0457D-01      -8.2991D-02      -8.7492D-03       1.9204D-01       6.5227D-02
    1.3500D+02       1.7881D-01       2.0111D-01      -8.7911D-02      -8.9810D-03       1.8996D-01       5.8702D-02
    1.3600D+02       1.7817D-01       1.9784D-01      -9.2726D-02      -9.1623D-03       1.8801D-01       5.2333D-02
    1.3700D+02       1.7759D-01       1.9478D-01      -9.7433D-02      -9.2957D-03       1.8618D-01       4.6146D-02
    1.3800D+02       1.7708D-01       1.9190D-01      -1.0203D-01      -9.3834D-03       1.8449D-01       4.0166D-02
    1.3900D+02       1.7664D-01       1.8923D-01      -1.0651D-01      -9.4277D-03       1.8293D-01       3.4418D-02
    1.4000D+02       1.7625D-01       1.8675D-01      -1.1087D-01      -9.4310D-03       1.8150D-01       2.8924D-02
    1.4100D+02       1.7593D-01       1.8448D-01      -1.1511D-01      -9.3954D-03       1.8021D-01       2.3706D-02
    1.4200D+02       1.7568D-01       1.8240D-01      -1.1922D-01      -9.3232D-03       1.7904D-01       1.8782D-02
    1.4300D+02       1.7548D-01       1.8052D-01      -1.2321D-01      -9.2168D-03       1.7800D-01       1.4169D-02
    1.4400D+02       1.7534D-01       1.7884D-01      -1.2707D-01      -9.0782D-03       1.7709D-01       9.8816D-03
    1.4500D+02       1.7525D-01       1.7734D-01      -1.3079D-01      -8.9098D-03       1.7630D-01       5.9302D-03
    1.4600D+02       1.7523D-01       1.7604D-01      -1.3439D-01      -8.7137D-03       1.7563D-01       2.3230D-03
    1.4700D+02       1.7525D-01       1.7493D-01      -1.3785D-01      -8.4922D-03       1.7509D-01      -9.3488D-04
    1.4800D+02       1.7533D-01       1.7399D-01      -1.4117D-01      -8.2474D-03       1.7466D-01      -3.8416D-03
    1.4900D+02       1.7546D-01       1.7323D-01      -1.4436D-01      -7.9816D-03       1.7434D-01      -6.3985D-03
    1.5000D+02       1.7563D-01       1.7263D-01      -1.4742D-01      -7.6969D-03       1.7413D-01      -8.6102D-03
    1.5100D+02       1.7585D-01       1.7220D-01      -1.5033D-01      -7.3955D-03       1.7403D-01      -1.0484D-02
    1.5200D+02       1.7611D-01       1.7193D-01      -1.5312D-01      -7.0795D-03       1.7402D-01      -1.2030D-02
    1.5300D+02       1.7641D-01       1.7179D-01      -1.5577D-01      -6.7511D-03       1.7410D-01      -1.3261D-02
    1.5400D+02       1.7675D-01       1.7180D-01      -1.5828D-01      -6.4125D-03       1.7427D-01      -1.4193D-02
    1.5500D+02       1.7711D-01       1.7193D-01      -1.6067D-01      -6.0657D-03       1.7452D-01      -1.4843D-02
    1.5600D+02       1.7751D-01       1.7218D-01      -1.6292D-01      -5.7128D-03       1.7484D-01      -1.5230D-02
    1.5700D+02       1.7793D-01       1.7254D-01      -1.6505D-01      -5.3559D-03       1.7523D-01      -1.5374D-02
    1.5800D+02       1.7837D-01       1.7299D-01      -1.6705D-01      -4.9971D-03       1.7568D-01      -1.5298D-02
    1.5900D+02       1.7883D-01       1.7353D-01      -1.6893D-01      -4.6382D-03       1.7618D-01      -1.5024D-02
    1.6000D+02       1.7930D-01       1.7415D-01      -1.7069D-01      -4.2813D-03       1.7672D-01      -1.4575D-02
    1.6100D+02       1.7978D-01       1.7482D-01      -1.7234D-01      -3.9283D-03       1.7730D-01      -1.3974D-02
    1.6200D+02       1.8027D-01       1.7555D-01      -1.7387D-01      -3.5811D-03       1.7791D-01      -1.3245D-02
    1.6300D+02       1.8075D-01       1.7632D-01      -1.7529D-01      -3.2414D-03       1.7854D-01      -1.2411D-02
    1.6400D+02       1.8124D-01       1.7712D-01      -1.7661D-01      -2.9109D-03       1.7918D-01      -1.1495D-02
    1.6500D+02       1.8172D-01       1.7794D-01      -1.7783D-01      -2.5914D-03       1.7983D-01      -1.0518D-02
    1.6600D+02       1.8219D-01       1.7876D-01      -1.7894D-01      -2.2846D-03       1.8047D-01      -9.5011D-03
    1.6700D+02       1.8265D-01       1.7958D-01      -1.7997D-01      -1.9918D-03       1.8111D-01      -8.4649D-03
    1.6800D+02       1.8308D-01       1.8038D-01      -1.8090D-01      -1.7145D-03       1.8173D-01      -7.4281D-03
    1.6900D+02       1.8350D-01       1.8116D-01      -1.8174D-01      -1.4542D-03       1.8233D-01      -6.4082D-03
    1.7000D+02       1.8389D-01       1.8191D-01      -1.8249D-01      -1.2121D-03       1.8290D-01      -5.4218D-03
    1.7100D+02       1.8426D-01       1.8261D-01      -1.8317D-01      -9.8936D-04       1.8344D-01      -4.4837D-03
    1.7200D+02       1.8459D-01       1.8327D-01      -1.8376D-01      -7.8709D-04       1.8393D-01      -3.6078D-03
    1.7300D+02       1.8490D-01       1.8386D-01      -1.8428D-01      -6.0626D-04       1.8438D-01      -2.8062D-03
    1.7400D+02       1.8516D-01       1.8439D-01      -1.8472D-01      -4.4775D-04       1.8478D-01      -2.0896D-03
    1.7500D+02       1.8539D-01       1.8485D-01      -1.8509D-01      -3.1231D-04       1.8512D-01      -1.4676D-03
    1.7600D+02       1.8558D-01       1.8523D-01      -1.8540D-01      -2.0060D-04       1.8541D-01      -9.4784D-04
    1.7700D+02       1.8573D-01       1.8553D-01      -1.8563D-01      -1.1315D-04       1.8563D-01      -5.3691D-04
    1.7800D+02       1.8584D-01       1.8575D-01      -1.8579D-01      -5.0390D-05       1.8579D-01      -2.3982D-04
    1.7900D+02       1.8590D-01       1.8588D-01      -1.8589D-01      -1.2613D-05       1.8589D-01      -6.0134D-05
    1.8000D+02       1.8593D-01       1.8593D-01      -1.8593D-01       1.5519D-18       1.8593D-01       0.0000D+00
