 numangles= 181
  g= 6.10595D-01
   scat. angle           m2               m1              s21              d21           phase func.      polarization  
    0.0000D+00       6.7647D+00       6.7647D+00       6.7647D+00       0.0000D+00       6.7647D+00       0.0000D+00
    1.0000D+00       6.7604D+00       6.7608D+00       6.7606D+00       6.1580D-04       6.7606D+00       3.3993D-05
    2.0000D+00       6.7473D+00       6.7492D+00       6.7483D+00       2.4591D-03       6.7483D+00       1.3590D-04
    3.0000D+00       6.7256D+00       6.7298D+00       6.7277D+00       5.5175D-03       6.7277D+00       3.0549D-04
    4.0000D+00       6.6954D+00       6.7027D+00       6.6990D+00       9.7706D-03       6.6991D+00       5.4239D-04
    5.0000D+00       6.6568D+00       6.6680D+00       6.6624D+00       1.5190D-02       6.6624D+00       8.4607D-04
    6.0000D+00       6.6099D+00       6.6260D+00       6.6179D+00       2.1740D-02       6.6179D+00       1.2158D-03
    7.0000D+00       6.5549D+00       6.5766D+00       6.5657D+00       2.9376D-02       6.5657D+00       1.6509D-03
    8.0000D+00       6.4921D+00       6.5201D+00       6.5060D+00       3.8049D-02       6.5061D+00       2.1502D-03
    9.0000D+00       6.4218D+00       6.4567D+00       6.4390D+00       4.7700D-02       6.4392D+00       2.7125D-03
    1.0000D+01       6.3442D+00       6.3866D+00       6.3650D+00       5.8267D-02       6.3654D+00       3.3367D-03
    1.1000D+01       6.2596D+00       6.3101D+00       6.2843D+00       6.9680D-02       6.2849D+00       4.0211D-03
    1.2000D+01       6.1684D+00       6.2274D+00       6.1971D+00       8.1866D-02       6.1979D+00       4.7640D-03
    1.3000D+01       6.0710D+00       6.1389D+00       6.1038D+00       9.4745D-02       6.1049D+00       5.5637D-03
    1.4000D+01       5.9676D+00       6.0447D+00       6.0047D+00       1.0824D-01       6.0062D+00       6.4181D-03
    1.5000D+01       5.8589D+00       5.9453D+00       5.9002D+00       1.2225D-01       5.9021D+00       7.3248D-03
    1.6000D+01       5.7451D+00       5.8410D+00       5.7906D+00       1.3670D-01       5.7930D+00       8.2815D-03
    1.7000D+01       5.6266D+00       5.7321D+00       5.6763D+00       1.5150D-01       5.6794D+00       9.2855D-03
    1.8000D+01       5.5040D+00       5.6190D+00       5.5577D+00       1.6655D-01       5.5615D+00       1.0334D-02
    1.9000D+01       5.3777D+00       5.5020D+00       5.4352D+00       1.8177D-01       5.4398D+00       1.1424D-02
    2.0000D+01       5.2480D+00       5.3815D+00       5.3092D+00       1.9705D-01       5.3148D+00       1.2551D-02
    2.1000D+01       5.1156D+00       5.2578D+00       5.1801D+00       2.1231D-01       5.1867D+00       1.3714D-02
    2.2000D+01       4.9807D+00       5.1315D+00       5.0484D+00       2.2746D-01       5.0561D+00       1.4906D-02
    2.3000D+01       4.8440D+00       5.0027D+00       4.9143D+00       2.4242D-01       4.9233D+00       1.6126D-02
    2.4000D+01       4.7057D+00       4.8720D+00       4.7783D+00       2.5708D-01       4.7888D+00       1.7367D-02
    2.5000D+01       4.5663D+00       4.7396D+00       4.6409D+00       2.7139D-01       4.6530D+00       1.8626D-02
    2.6000D+01       4.4263D+00       4.6060D+00       4.5023D+00       2.8524D-01       4.5161D+00       1.9899D-02
    2.7000D+01       4.2860D+00       4.4715D+00       4.3631D+00       2.9858D-01       4.3788D+00       2.1178D-02
    2.8000D+01       4.1459D+00       4.3364D+00       4.2235D+00       3.1133D-01       4.2412D+00       2.2460D-02
    2.9000D+01       4.0063D+00       4.2011D+00       4.0839D+00       3.2343D-01       4.1037D+00       2.3739D-02
    3.0000D+01       3.8676D+00       4.0660D+00       3.9447D+00       3.3482D-01       3.9668D+00       2.5009D-02
    3.1000D+01       3.7301D+00       3.9313D+00       3.8062D+00       3.4544D-01       3.8307D+00       2.6263D-02
    3.2000D+01       3.5941D+00       3.7973D+00       3.6688D+00       3.5525D-01       3.6957D+00       2.7495D-02
    3.3000D+01       3.4599D+00       3.6644D+00       3.5326D+00       3.6420D-01       3.5622D+00       2.8698D-02
    3.4000D+01       3.3279D+00       3.5328D+00       3.3980D+00       3.7227D-01       3.4303D+00       2.9867D-02
    3.5000D+01       3.1982D+00       3.4028D+00       3.2653D+00       3.7942D-01       3.3005D+00       3.0992D-02
    3.6000D+01       3.0711D+00       3.2746D+00       3.1348D+00       3.8563D-01       3.1728D+00       3.2068D-02
    3.7000D+01       2.9467D+00       3.1484D+00       3.0065D+00       3.9089D-01       3.0476D+00       3.3087D-02
    3.8000D+01       2.8254D+00       3.0245D+00       2.8808D+00       3.9517D-01       2.9249D+00       3.4041D-02
    3.9000D+01       2.7071D+00       2.9030D+00       2.7578D+00       3.9849D-01       2.8051D+00       3.4922D-02
    4.0000D+01       2.5921D+00       2.7842D+00       2.6377D+00       4.0083D-01       2.6882D+00       3.5724D-02
    4.1000D+01       2.4805D+00       2.6682D+00       2.5207D+00       4.0222D-01       2.5744D+00       3.6438D-02
    4.2000D+01       2.3724D+00       2.5550D+00       2.4068D+00       4.0265D-01       2.4637D+00       3.7058D-02
    4.3000D+01       2.2678D+00       2.4449D+00       2.2962D+00       4.0216D-01       2.3564D+00       3.7575D-02
    4.4000D+01       2.1669D+00       2.3380D+00       2.1889D+00       4.0075D-01       2.2524D+00       3.7984D-02
    4.5000D+01       2.0695D+00       2.2342D+00       2.0851D+00       3.9847D-01       2.1519D+00       3.8277D-02
    4.6000D+01       1.9758D+00       2.1338D+00       1.9848D+00       3.9533D-01       2.0548D+00       3.8449D-02
    4.7000D+01       1.8857D+00       2.0367D+00       1.8881D+00       3.9138D-01       1.9612D+00       3.8493D-02
    4.8000D+01       1.7993D+00       1.9430D+00       1.7948D+00       3.8665D-01       1.8711D+00       3.8406D-02
    4.9000D+01       1.7164D+00       1.8527D+00       1.7052D+00       3.8119D-01       1.7846D+00       3.8184D-02
    5.0000D+01       1.6372D+00       1.7659D+00       1.6191D+00       3.7504D-01       1.7015D+00       3.7823D-02
    5.1000D+01       1.5614D+00       1.6824D+00       1.5365D+00       3.6824D-01       1.6219D+00       3.7321D-02
    5.2000D+01       1.4890D+00       1.6024D+00       1.4574D+00       3.6084D-01       1.5457D+00       3.6678D-02
    5.3000D+01       1.4200D+00       1.5257D+00       1.3818D+00       3.5290D-01       1.4729D+00       3.5895D-02
    5.4000D+01       1.3542D+00       1.4524D+00       1.3096D+00       3.4446D-01       1.4033D+00       3.4973D-02
    5.5000D+01       1.2917D+00       1.3824D+00       1.2408D+00       3.3557D-01       1.3370D+00       3.3916D-02
    5.6000D+01       1.2322D+00       1.3156D+00       1.1752D+00       3.2628D-01       1.2739D+00       3.2730D-02
    5.7000D+01       1.1757D+00       1.2520D+00       1.1128D+00       3.1664D-01       1.2138D+00       3.1421D-02
    5.8000D+01       1.1220D+00       1.1914D+00       1.0536D+00       3.0671D-01       1.1567D+00       2.9998D-02
    5.9000D+01       1.0712D+00       1.1339D+00       9.9731D-01       2.9652D-01       1.1025D+00       2.8472D-02
    6.0000D+01       1.0229D+00       1.0794D+00       9.4399D-01       2.8614D-01       1.0512D+00       2.6854D-02
    6.1000D+01       9.7724D-01       1.0277D+00       8.9350D-01       2.7561D-01       1.0025D+00       2.5158D-02
    6.2000D+01       9.3397D-01       9.7873D-01       8.4575D-01       2.6496D-01       9.5635D-01       2.3400D-02
    6.3000D+01       8.9303D-01       9.3245D-01       8.0062D-01       2.5425D-01       9.1274D-01       2.1596D-02
    6.4000D+01       8.5429D-01       8.8874D-01       7.5801D-01       2.4352D-01       8.7151D-01       1.9765D-02
    6.5000D+01       8.1765D-01       8.4750D-01       7.1782D-01       2.3280D-01       8.3257D-01       1.7925D-02
    6.6000D+01       7.8301D-01       8.0863D-01       6.7995D-01       2.2214D-01       7.9582D-01       1.6098D-02
    6.7000D+01       7.5026D-01       7.7203D-01       6.4429D-01       2.1156D-01       7.6114D-01       1.4302D-02
    6.8000D+01       7.1930D-01       7.3760D-01       6.1073D-01       2.0110D-01       7.2845D-01       1.2560D-02
    6.9000D+01       6.9004D-01       7.0524D-01       5.7919D-01       1.9079D-01       6.9764D-01       1.0891D-02
    7.0000D+01       6.6239D-01       6.7485D-01       5.4954D-01       1.8065D-01       6.6862D-01       9.3160D-03
    7.1000D+01       6.3626D-01       6.4633D-01       5.2171D-01       1.7071D-01       6.4129D-01       7.8539D-03
    7.2000D+01       6.1156D-01       6.1959D-01       4.9559D-01       1.6099D-01       6.1557D-01       6.5226D-03
    7.3000D+01       5.8822D-01       5.9453D-01       4.7108D-01       1.5152D-01       5.9138D-01       5.3384D-03
    7.4000D+01       5.6616D-01       5.7107D-01       4.4811D-01       1.4230D-01       5.6862D-01       4.3155D-03
    7.5000D+01       5.4532D-01       5.4911D-01       4.2659D-01       1.3335D-01       5.4722D-01       3.4657D-03
    7.6000D+01       5.2562D-01       5.2857D-01       4.0643D-01       1.2469D-01       5.2709D-01       2.7981D-03
    7.7000D+01       5.0700D-01       5.0936D-01       3.8754D-01       1.1632D-01       5.0818D-01       2.3189D-03
    7.8000D+01       4.8941D-01       4.9140D-01       3.6987D-01       1.0825D-01       4.9040D-01       2.0309D-03
    7.9000D+01       4.7279D-01       4.7462D-01       3.5332D-01       1.0049D-01       4.7370D-01       1.9334D-03
    8.0000D+01       4.5708D-01       4.5893D-01       3.3784D-01       9.3044D-02       4.5801D-01       2.0224D-03
    8.1000D+01       4.4225D-01       4.4428D-01       3.2336D-01       8.5910D-02       4.4326D-01       2.2900D-03
    8.2000D+01       4.2824D-01       4.3058D-01       3.0980D-01       7.9090D-02       4.2941D-01       2.7248D-03
    8.3000D+01       4.1502D-01       4.1778D-01       2.9712D-01       7.2584D-02       4.1640D-01       3.3116D-03
    8.4000D+01       4.0255D-01       4.0581D-01       2.8525D-01       6.6389D-02       4.0418D-01       4.0320D-03
    8.5000D+01       3.9079D-01       3.9461D-01       2.7414D-01       6.0502D-02       3.9270D-01       4.8640D-03
    8.6000D+01       3.7971D-01       3.8412D-01       2.6374D-01       5.4919D-02       3.8192D-01       5.7827D-03
    8.7000D+01       3.6927D-01       3.7430D-01       2.5400D-01       4.9633D-02       3.7178D-01       6.7602D-03
    8.8000D+01       3.5945D-01       3.6508D-01       2.4487D-01       4.4638D-02       3.6227D-01       7.7663D-03
    8.9000D+01       3.5022D-01       3.5642D-01       2.3631D-01       3.9928D-02       3.5332D-01       8.7687D-03
    9.0000D+01       3.4155D-01       3.4827D-01       2.2828D-01       3.5494D-02       3.4491D-01       9.7332D-03
    9.1000D+01       3.3342D-01       3.4059D-01       2.2073D-01       3.1328D-02       3.3700D-01       1.0624D-02
    9.2000D+01       3.2581D-01       3.3333D-01       2.1363D-01       2.7422D-02       3.2957D-01       1.1406D-02
    9.3000D+01       3.1868D-01       3.2645D-01       2.0695D-01       2.3768D-02       3.2257D-01       1.2042D-02
    9.4000D+01       3.1202D-01       3.1992D-01       2.0063D-01       2.0355D-02       3.1597D-01       1.2495D-02
    9.5000D+01       3.0581D-01       3.1370D-01       1.9467D-01       1.7174D-02       3.0976D-01       1.2730D-02
    9.6000D+01       3.0003D-01       3.0775D-01       1.8901D-01       1.4217D-02       3.0389D-01       1.2710D-02
    9.7000D+01       2.9465D-01       3.0205D-01       1.8364D-01       1.1474D-02       2.9835D-01       1.2402D-02
    9.8000D+01       2.8965D-01       2.9656D-01       1.7851D-01       8.9365D-03       2.9311D-01       1.1773D-02
    9.9000D+01       2.8503D-01       2.9124D-01       1.7362D-01       6.5946D-03       2.8814D-01       1.0792D-02
    1.0000D+02       2.8074D-01       2.8609D-01       1.6891D-01       4.4397D-03       2.8341D-01       9.4309D-03
    1.0100D+02       2.7678D-01       2.8106D-01       1.6438D-01       2.4633D-03       2.7892D-01       7.6630D-03
    1.0200D+02       2.7313D-01       2.7613D-01       1.6000D-01       6.5671D-04       2.7463D-01       5.4641D-03
    1.0300D+02       2.6977D-01       2.7129D-01       1.5574D-01      -9.8813D-04       2.7053D-01       2.8126D-03
    1.0400D+02       2.6667D-01       2.6651D-01       1.5158D-01      -2.4792D-03       2.6659D-01      -3.1048D-04
    1.0500D+02       2.6383D-01       2.6177D-01       1.4749D-01      -3.8243D-03       2.6280D-01      -3.9216D-03
    1.0600D+02       2.6122D-01       2.5705D-01       1.4347D-01      -5.0306D-03       2.5913D-01      -8.0346D-03
    1.0700D+02       2.5881D-01       2.5234D-01       1.3947D-01      -6.1055D-03       2.5558D-01      -1.2661D-02
    1.0800D+02       2.5661D-01       2.4763D-01       1.3550D-01      -7.0557D-03       2.5212D-01      -1.7809D-02
    1.0900D+02       2.5458D-01       2.4290D-01       1.3153D-01      -7.8878D-03       2.4874D-01      -2.3486D-02
    1.1000D+02       2.5271D-01       2.3813D-01       1.2754D-01      -8.6082D-03       2.4542D-01      -2.9695D-02
    1.1100D+02       2.5098D-01       2.3333D-01       1.2351D-01      -9.2229D-03       2.4216D-01      -3.6438D-02
    1.1200D+02       2.4938D-01       2.2849D-01       1.1944D-01      -9.7379D-03       2.3893D-01      -4.3714D-02
    1.1300D+02       2.4789D-01       2.2360D-01       1.1531D-01      -1.0159D-02       2.3574D-01      -5.1521D-02
    1.1400D+02       2.4649D-01       2.1865D-01       1.1110D-01      -1.0491D-02       2.3257D-01      -5.9852D-02
    1.1500D+02       2.4517D-01       2.1365D-01       1.0681D-01      -1.0739D-02       2.2941D-01      -6.8701D-02
    1.1600D+02       2.4391D-01       2.0859D-01       1.0242D-01      -1.0909D-02       2.2625D-01      -7.8058D-02
    1.1700D+02       2.4271D-01       2.0348D-01       9.7927D-02      -1.1006D-02       2.2310D-01      -8.7908D-02
    1.1800D+02       2.4154D-01       1.9833D-01       9.3325D-02      -1.1034D-02       2.1994D-01      -9.8238D-02
    1.1900D+02       2.4040D-01       1.9313D-01       8.8606D-02      -1.0999D-02       2.1677D-01      -1.0903D-01
    1.2000D+02       2.3928D-01       1.8791D-01       8.3766D-02      -1.0903D-02       2.1359D-01      -1.2026D-01
    1.2100D+02       2.3816D-01       1.8265D-01       7.8800D-02      -1.0753D-02       2.1041D-01      -1.3190D-01
    1.2200D+02       2.3703D-01       1.7739D-01       7.3709D-02      -1.0552D-02       2.0721D-01      -1.4392D-01
    1.2300D+02       2.3590D-01       1.7212D-01       6.8490D-02      -1.0305D-02       2.0401D-01      -1.5630D-01
    1.2400D+02       2.3474D-01       1.6687D-01       6.3144D-02      -1.0016D-02       2.0081D-01      -1.6898D-01
    1.2500D+02       2.3356D-01       1.6165D-01       5.7675D-02      -9.6890D-03       1.9761D-01      -1.8194D-01
    1.2600D+02       2.3234D-01       1.5648D-01       5.2085D-02      -9.3282D-03       1.9441D-01      -1.9511D-01
    1.2700D+02       2.3109D-01       1.5137D-01       4.6378D-02      -8.9376D-03       1.9123D-01      -2.0844D-01
    1.2800D+02       2.2980D-01       1.4635D-01       4.0562D-02      -8.5211D-03       1.8807D-01      -2.2187D-01
    1.2900D+02       2.2847D-01       1.4143D-01       3.4643D-02      -8.0827D-03       1.8495D-01      -2.3532D-01
    1.3000D+02       2.2709D-01       1.3663D-01       2.8628D-02      -7.6262D-03       1.8186D-01      -2.4873D-01
    1.3100D+02       2.2567D-01       1.3197D-01       2.2528D-02      -7.1552D-03       1.7882D-01      -2.6200D-01
    1.3200D+02       2.2421D-01       1.2748D-01       1.6353D-02      -6.6734D-03       1.7584D-01      -2.7504D-01
    1.3300D+02       2.2270D-01       1.2317D-01       1.0112D-02      -6.1844D-03       1.7293D-01      -2.8776D-01
    1.3400D+02       2.2114D-01       1.1907D-01       3.8186D-03      -5.6915D-03       1.7011D-01      -3.0004D-01
    1.3500D+02       2.1955D-01       1.1519D-01      -2.5158D-03      -5.1981D-03       1.6737D-01      -3.1177D-01
    1.3600D+02       2.1792D-01       1.1156D-01      -8.8781D-03      -4.7073D-03       1.6474D-01      -3.2283D-01
    1.3700D+02       2.1626D-01       1.0818D-01      -1.5255D-02      -4.2222D-03       1.6222D-01      -3.3311D-01
    1.3800D+02       2.1457D-01       1.0509D-01      -2.1633D-02      -3.7457D-03       1.5983D-01      -3.4248D-01
    1.3900D+02       2.1285D-01       1.0230D-01      -2.7998D-02      -3.2804D-03       1.5757D-01      -3.5081D-01
    1.4000D+02       2.1112D-01       9.9810D-02      -3.4337D-02      -2.8288D-03       1.5546D-01      -3.5798D-01
    1.4100D+02       2.0936D-01       9.7646D-02      -4.0635D-02      -2.3934D-03       1.5351D-01      -3.6389D-01
    1.4200D+02       2.0760D-01       9.5817D-02      -4.6878D-02      -1.9763D-03       1.5171D-01      -3.6842D-01
    1.4300D+02       2.0583D-01       9.4330D-02      -5.3053D-02      -1.5794D-03       1.5008D-01      -3.7148D-01
    1.4400D+02       2.0407D-01       9.3193D-02      -5.9147D-02      -1.2043D-03       1.4863D-01      -3.7299D-01
    1.4500D+02       2.0231D-01       9.2410D-02      -6.5147D-02      -8.5259D-04       1.4736D-01      -3.7289D-01
    1.4600D+02       2.0056D-01       9.1984D-02      -7.1040D-02      -5.2552D-04       1.4627D-01      -3.7115D-01
    1.4700D+02       1.9883D-01       9.1915D-02      -7.6815D-02      -2.2408D-04       1.4537D-01      -3.6773D-01
    1.4800D+02       1.9712D-01       9.2199D-02      -8.2460D-02       5.0953D-05       1.4466D-01      -3.6266D-01
    1.4900D+02       1.9544D-01       9.2831D-02      -8.7966D-02       2.9905D-04       1.4414D-01      -3.5595D-01
    1.5000D+02       1.9380D-01       9.3804D-02      -9.3322D-02       5.1991D-04       1.4380D-01      -3.4768D-01
    1.5100D+02       1.9219D-01       9.5108D-02      -9.8520D-02       7.1350D-04       1.4365D-01      -3.3791D-01
    1.5200D+02       1.9062D-01       9.6728D-02      -1.0355D-01       8.7997D-04       1.4367D-01      -3.2675D-01
    1.5300D+02       1.8909D-01       9.8650D-02      -1.0841D-01       1.0198D-03       1.4387D-01      -3.1432D-01
    1.5400D+02       1.8762D-01       1.0086D-01      -1.1309D-01       1.1335D-03       1.4424D-01      -3.0076D-01
    1.5500D+02       1.8619D-01       1.0333D-01      -1.1758D-01       1.2219D-03       1.4476D-01      -2.8622D-01
    1.5600D+02       1.8483D-01       1.0604D-01      -1.2189D-01       1.2862D-03       1.4543D-01      -2.7087D-01
    1.5700D+02       1.8351D-01       1.0897D-01      -1.2601D-01       1.3275D-03       1.4624D-01      -2.5486D-01
    1.5800D+02       1.8226D-01       1.1209D-01      -1.2993D-01       1.3471D-03       1.4718D-01      -2.3838D-01
    1.5900D+02       1.8107D-01       1.1538D-01      -1.3365D-01       1.3467D-03       1.4822D-01      -2.2159D-01
    1.6000D+02       1.7993D-01       1.1880D-01      -1.3718D-01       1.3279D-03       1.4937D-01      -2.0465D-01
    1.6100D+02       1.7886D-01       1.2233D-01      -1.4051D-01       1.2924D-03       1.5059D-01      -1.8772D-01
    1.6200D+02       1.7785D-01       1.2593D-01      -1.4364D-01       1.2423D-03       1.5189D-01      -1.7094D-01
    1.6300D+02       1.7691D-01       1.2957D-01      -1.4658D-01       1.1793D-03       1.5324D-01      -1.5447D-01
    1.6400D+02       1.7603D-01       1.3322D-01      -1.4933D-01       1.1057D-03       1.5462D-01      -1.3842D-01
    1.6500D+02       1.7520D-01       1.3685D-01      -1.5189D-01       1.0233D-03       1.5603D-01      -1.2290D-01
    1.6600D+02       1.7444D-01       1.4043D-01      -1.5426D-01       9.3427D-04       1.5744D-01      -1.0803D-01
    1.6700D+02       1.7374D-01       1.4392D-01      -1.5644D-01       8.4068D-04       1.5883D-01      -9.3882D-02
    1.6800D+02       1.7310D-01       1.4729D-01      -1.5845D-01       7.4452D-04       1.6020D-01      -8.0545D-02
    1.6900D+02       1.7252D-01       1.5052D-01      -1.6027D-01       6.4778D-04       1.6152D-01      -6.8085D-02
    1.7000D+02       1.7199D-01       1.5358D-01      -1.6192D-01       5.5234D-04       1.6278D-01      -5.6558D-02
    1.7100D+02       1.7152D-01       1.5643D-01      -1.6340D-01       4.6002D-04       1.6397D-01      -4.6014D-02
    1.7200D+02       1.7110D-01       1.5905D-01      -1.6472D-01       3.7251D-04       1.6508D-01      -3.6493D-02
    1.7300D+02       1.7073D-01       1.6142D-01      -1.6587D-01       2.9138D-04       1.6608D-01      -2.8028D-02
    1.7400D+02       1.7042D-01       1.6353D-01      -1.6686D-01       2.1804D-04       1.6697D-01      -2.0646D-02
    1.7500D+02       1.7016D-01       1.6534D-01      -1.6769D-01       1.5377D-04       1.6775D-01      -1.4368D-02
    1.7600D+02       1.6994D-01       1.6684D-01      -1.6837D-01       9.9650D-05       1.6839D-01      -9.2108D-03
    1.7700D+02       1.6978D-01       1.6802D-01      -1.6889D-01       5.6598D-05       1.6890D-01      -5.1876D-03
    1.7800D+02       1.6966D-01       1.6888D-01      -1.6927D-01       2.5329D-05       1.6927D-01      -2.3077D-03
    1.7900D+02       1.6959D-01       1.6939D-01      -1.6949D-01       6.3583D-06       1.6949D-01      -5.7722D-04
    1.8000D+02       1.6957D-01       1.6957D-01      -1.6957D-01       5.5132D-18       1.6957D-01      -8.1843D-17
