 numangles= 181
  g= 4.92490D-01
   scat. angle           m2               m1              s21              d21           phase func.      polarization  
    0.0000D+00       1.0833D+01       1.0833D+01       1.0833D+01       0.0000D+00       1.0833D+01       0.0000D+00
    1.0000D+00       1.0805D+01       1.0811D+01       1.0808D+01       5.3949D-03       1.0808D+01       2.8900D-04
    2.0000D+00       1.0723D+01       1.0748D+01       1.0736D+01       2.1416D-02       1.0736D+01       1.1552D-03
    3.0000D+00       1.0588D+01       1.0644D+01       1.0616D+01       4.7578D-02       1.0616D+01       2.5962D-03
    4.0000D+00       1.0403D+01       1.0500D+01       1.0451D+01       8.3095D-02       1.0452D+01       4.6077D-03
    5.0000D+00       1.0172D+01       1.0319D+01       1.0244D+01       1.2691D-01       1.0245D+01       7.1838D-03
    6.0000D+00       9.8976D+00       1.0104D+01       9.9981D+00       1.7776D-01       1.0001D+01       1.0316D-02
    7.0000D+00       9.5860D+00       9.8581D+00       9.7172D+00       2.3417D-01       9.7221D+00       1.3994D-02
    8.0000D+00       9.2425D+00       9.5852D+00       9.4058D+00       2.9458D-01       9.4138D+00       1.8204D-02
    9.0000D+00       8.8727D+00       9.2892D+00       9.0687D+00       3.5736D-01       9.0810D+00       2.2930D-02
    1.0000D+01       8.4828D+00       8.9743D+00       8.7107D+00       4.2090D-01       8.7286D+00       2.8152D-02
    1.1000D+01       8.0787D+00       8.6447D+00       8.3368D+00       4.8362D-01       8.3617D+00       3.3847D-02
    1.2000D+01       7.6661D+00       8.3047D+00       7.9519D+00       5.4410D-01       7.9854D+00       3.9986D-02
    1.3000D+01       7.2506D+00       7.9584D+00       7.5609D+00       6.0104D-01       7.6045D+00       4.6538D-02
    1.4000D+01       6.8371D+00       7.6095D+00       7.1682D+00       6.5335D-01       7.2233D+00       5.3468D-02
    1.5000D+01       6.4302D+00       7.2618D+00       6.7780D+00       7.0017D-01       6.8460D+00       6.0737D-02
    1.6000D+01       6.0338D+00       6.9184D+00       6.3940D+00       7.4087D-01       6.4761D+00       6.8303D-02
    1.7000D+01       5.6511D+00       6.5823D+00       6.0195D+00       7.7505D-01       6.1167D+00       7.6122D-02
    1.8000D+01       5.2847D+00       6.2558D+00       5.6572D+00       8.0255D-01       5.7703D+00       8.4150D-02
    1.9000D+01       4.9366D+00       5.9411D+00       5.3093D+00       8.2342D-01       5.4388D+00       9.2342D-02
    2.0000D+01       4.6081D+00       5.6396D+00       4.9776D+00       8.3793D-01       5.1238D+00       1.0066D-01
    2.1000D+01       4.2998D+00       5.3525D+00       4.6633D+00       8.4647D-01       4.8261D+00       1.0906D-01
    2.2000D+01       4.0121D+00       5.0805D+00       4.3670D+00       8.4958D-01       4.5463D+00       1.1751D-01
    2.3000D+01       3.7446D+00       4.8242D+00       4.0890D+00       8.4790D-01       4.2844D+00       1.2599D-01
    2.4000D+01       3.4967D+00       4.5834D+00       3.8293D+00       8.4211D-01       4.0401D+00       1.3449D-01
    2.5000D+01       3.2676D+00       4.3581D+00       3.5874D+00       8.3291D-01       3.8129D+00       1.4300D-01
    2.6000D+01       3.0562D+00       4.1477D+00       3.3627D+00       8.2101D-01       3.6020D+00       1.5151D-01
    2.7000D+01       2.8613D+00       3.9517D+00       3.1543D+00       8.0705D-01       3.4065D+00       1.6004D-01
    2.8000D+01       2.6815D+00       3.7692D+00       2.9612D+00       7.9165D-01       3.2254D+00       1.6861D-01
    2.9000D+01       2.5157D+00       3.5994D+00       2.7822D+00       7.7533D-01       3.0575D+00       1.7723D-01
    3.0000D+01       2.3624D+00       3.4414D+00       2.6163D+00       7.5853D-01       2.9019D+00       1.8592D-01
    3.1000D+01       2.2205D+00       3.2943D+00       2.4623D+00       7.4160D-01       2.7574D+00       1.9470D-01
    3.2000D+01       2.0890D+00       3.1571D+00       2.3190D+00       7.2482D-01       2.6231D+00       2.0360D-01
    3.3000D+01       1.9668D+00       3.0290D+00       2.1855D+00       7.0838D-01       2.4979D+00       2.1261D-01
    3.4000D+01       1.8531D+00       2.9091D+00       2.0608D+00       6.9238D-01       2.3811D+00       2.2175D-01
    3.5000D+01       1.7470D+00       2.7967D+00       1.9439D+00       6.7688D-01       2.2719D+00       2.3102D-01
    3.6000D+01       1.6479D+00       2.6911D+00       1.8343D+00       6.6190D-01       2.1695D+00       2.4041D-01
    3.7000D+01       1.5553D+00       2.5917D+00       1.7311D+00       6.4738D-01       2.0735D+00       2.4991D-01
    3.8000D+01       1.4686D+00       2.4978D+00       1.6338D+00       6.3329D-01       1.9832D+00       2.5949D-01
    3.9000D+01       1.3874D+00       2.4092D+00       1.5420D+00       6.1956D-01       1.8983D+00       2.6913D-01
    4.0000D+01       1.3113D+00       2.3253D+00       1.4552D+00       6.0611D-01       1.8183D+00       2.7882D-01
    4.1000D+01       1.2400D+00       2.2458D+00       1.3730D+00       5.9289D-01       1.7429D+00       2.8853D-01
    4.2000D+01       1.1732D+00       2.1704D+00       1.2952D+00       5.7984D-01       1.6718D+00       2.9823D-01
    4.3000D+01       1.1106D+00       2.0988D+00       1.2215D+00       5.6693D-01       1.6047D+00       3.0792D-01
    4.4000D+01       1.0518D+00       2.0308D+00       1.1517D+00       5.5413D-01       1.5413D+00       3.1756D-01
    4.5000D+01       9.9680D-01       1.9662D+00       1.0855D+00       5.4144D-01       1.4815D+00       3.2716D-01
    4.6000D+01       9.4518D-01       1.9047D+00       1.0228D+00       5.2887D-01       1.4250D+00       3.3670D-01
    4.7000D+01       8.9675D-01       1.8463D+00       9.6342D-01       5.1643D-01       1.3715D+00       3.4617D-01
    4.8000D+01       8.5129D-01       1.7908D+00       9.0715D-01       5.0416D-01       1.3210D+00       3.5559D-01
    4.9000D+01       8.0860D-01       1.7379D+00       8.5381D-01       4.9209D-01       1.2733D+00       3.6493D-01
    5.0000D+01       7.6848D-01       1.6876D+00       8.0324D-01       4.8024D-01       1.2280D+00       3.7422D-01
    5.1000D+01       7.3075D-01       1.6397D+00       7.5526D-01       4.6866D-01       1.1852D+00       3.8344D-01
    5.2000D+01       6.9525D-01       1.5940D+00       7.0971D-01       4.5735D-01       1.1446D+00       3.9260D-01
    5.3000D+01       6.6183D-01       1.5505D+00       6.6641D-01       4.4635D-01       1.1061D+00       4.0168D-01
    5.4000D+01       6.3035D-01       1.5089D+00       6.2522D-01       4.3566D-01       1.0696D+00       4.1068D-01
    5.5000D+01       6.0070D-01       1.4692D+00       5.8599D-01       4.2528D-01       1.0350D+00       4.1959D-01
    5.6000D+01       5.7277D-01       1.4313D+00       5.4859D-01       4.1522D-01       1.0020D+00       4.2839D-01
    5.7000D+01       5.4646D-01       1.3950D+00       5.1288D-01       4.0546D-01       9.7072D-01       4.3706D-01
    5.8000D+01       5.2169D-01       1.3602D+00       4.7876D-01       3.9598D-01       9.4095D-01       4.4557D-01
    5.9000D+01       4.9838D-01       1.3269D+00       4.4612D-01       3.8677D-01       9.1264D-01       4.5391D-01
    6.0000D+01       4.7646D-01       1.2949D+00       4.1488D-01       3.7780D-01       8.8570D-01       4.6205D-01
    6.1000D+01       4.5586D-01       1.2643D+00       3.8495D-01       3.6906D-01       8.6006D-01       4.6997D-01
    6.2000D+01       4.3651D-01       1.2348D+00       3.5627D-01       3.6051D-01       8.3565D-01       4.7764D-01
    6.3000D+01       4.1835D-01       1.2065D+00       3.2878D-01       3.5215D-01       8.1242D-01       4.8505D-01
    6.4000D+01       4.0133D-01       1.1793D+00       3.0241D-01       3.4396D-01       7.9029D-01       4.9218D-01
    6.5000D+01       3.8537D-01       1.1531D+00       2.7713D-01       3.3592D-01       7.6921D-01       4.9901D-01
    6.6000D+01       3.7042D-01       1.1279D+00       2.5288D-01       3.2803D-01       7.4914D-01       5.0554D-01
    6.7000D+01       3.5642D-01       1.1036D+00       2.2964D-01       3.2028D-01       7.3001D-01       5.1177D-01
    6.8000D+01       3.4331D-01       1.0803D+00       2.0734D-01       3.1268D-01       7.1179D-01       5.1768D-01
    6.9000D+01       3.3105D-01       1.0578D+00       1.8596D-01       3.0521D-01       6.9441D-01       5.2327D-01
    7.0000D+01       3.1957D-01       1.0361D+00       1.6546D-01       2.9789D-01       6.7785D-01       5.2855D-01
    7.1000D+01       3.0884D-01       1.0153D+00       1.4579D-01       2.9071D-01       6.6205D-01       5.3350D-01
    7.2000D+01       2.9882D-01       9.9515D-01       1.2692D-01       2.8369D-01       6.4698D-01       5.3814D-01
    7.3000D+01       2.8945D-01       9.7577D-01       1.0881D-01       2.7682D-01       6.3261D-01       5.4245D-01
    7.4000D+01       2.8071D-01       9.5708D-01       9.1426D-02       2.7011D-01       6.1890D-01       5.4643D-01
    7.5000D+01       2.7257D-01       9.3906D-01       7.4721D-02       2.6356D-01       6.0581D-01       5.5008D-01
    7.6000D+01       2.6499D-01       9.2167D-01       5.8661D-02       2.5717D-01       5.9333D-01       5.5338D-01
    7.7000D+01       2.5796D-01       9.0488D-01       4.3213D-02       2.5094D-01       5.8142D-01       5.5633D-01
    7.8000D+01       2.5145D-01       8.8867D-01       2.8343D-02       2.4486D-01       5.7006D-01       5.5891D-01
    7.9000D+01       2.4543D-01       8.7302D-01       1.4020D-02       2.3894D-01       5.5922D-01       5.6112D-01
    8.0000D+01       2.3990D-01       8.5788D-01       2.1500D-04       2.3316D-01       5.4889D-01       5.6294D-01
    8.1000D+01       2.3483D-01       8.4325D-01      -1.3098D-02       2.2752D-01       5.3904D-01       5.6436D-01
    8.2000D+01       2.3020D-01       8.2911D-01      -2.5943D-02       2.2201D-01       5.2965D-01       5.6538D-01
    8.3000D+01       2.2599D-01       8.1542D-01      -3.8341D-02       2.1663D-01       5.2071D-01       5.6599D-01
    8.4000D+01       2.2220D-01       8.0217D-01      -5.0312D-02       2.1136D-01       5.1218D-01       5.6618D-01
    8.5000D+01       2.1879D-01       7.8935D-01      -6.1873D-02       2.0620D-01       5.0407D-01       5.6595D-01
    8.6000D+01       2.1575D-01       7.7693D-01      -7.3041D-02       2.0115D-01       4.9634D-01       5.6531D-01
    8.7000D+01       2.1307D-01       7.6490D-01      -8.3829D-02       1.9620D-01       4.8898D-01       5.6426D-01
    8.8000D+01       2.1072D-01       7.5325D-01      -9.4251D-02       1.9134D-01       4.8198D-01       5.6281D-01
    8.9000D+01       2.0869D-01       7.4196D-01      -1.0432D-01       1.8658D-01       4.7532D-01       5.6096D-01
    9.0000D+01       2.0695D-01       7.3102D-01      -1.1405D-01       1.8190D-01       4.6899D-01       5.5872D-01
    9.1000D+01       2.0550D-01       7.2041D-01      -1.2345D-01       1.7732D-01       4.6296D-01       5.5611D-01
    9.2000D+01       2.0432D-01       7.1014D-01      -1.3253D-01       1.7282D-01       4.5723D-01       5.5314D-01
    9.3000D+01       2.0339D-01       7.0017D-01      -1.4130D-01       1.6840D-01       4.5178D-01       5.4981D-01
    9.4000D+01       2.0269D-01       6.9051D-01      -1.4978D-01       1.6408D-01       4.4660D-01       5.4615D-01
    9.5000D+01       2.0222D-01       6.8114D-01      -1.5798D-01       1.5984D-01       4.4168D-01       5.4216D-01
    9.6000D+01       2.0196D-01       6.7206D-01      -1.6591D-01       1.5569D-01       4.3701D-01       5.3786D-01
    9.7000D+01       2.0191D-01       6.6325D-01      -1.7357D-01       1.5163D-01       4.3258D-01       5.3324D-01
    9.8000D+01       2.0205D-01       6.5471D-01      -1.8099D-01       1.4765D-01       4.2838D-01       5.2833D-01
    9.9000D+01       2.0238D-01       6.4642D-01      -1.8817D-01       1.4376D-01       4.2440D-01       5.2313D-01
    1.0000D+02       2.0289D-01       6.3838D-01      -1.9513D-01       1.3996D-01       4.2063D-01       5.1765D-01
    1.0100D+02       2.0357D-01       6.3057D-01      -2.0187D-01       1.3623D-01       4.1707D-01       5.1190D-01
    1.0200D+02       2.0443D-01       6.2300D-01      -2.0840D-01       1.3259D-01       4.1371D-01       5.0588D-01
    1.0300D+02       2.0544D-01       6.1565D-01      -2.1474D-01       1.2903D-01       4.1054D-01       4.9960D-01
    1.0400D+02       2.0661D-01       6.0852D-01      -2.2089D-01       1.2554D-01       4.0756D-01       4.9307D-01
    1.0500D+02       2.0793D-01       6.0159D-01      -2.2686D-01       1.2213D-01       4.0476D-01       4.8630D-01
    1.0600D+02       2.0939D-01       5.9487D-01      -2.3266D-01       1.1879D-01       4.0213D-01       4.7930D-01
    1.0700D+02       2.1099D-01       5.8834D-01      -2.3829D-01       1.1552D-01       3.9967D-01       4.7208D-01
    1.0800D+02       2.1273D-01       5.8200D-01      -2.4376D-01       1.1231D-01       3.9736D-01       4.6465D-01
    1.0900D+02       2.1459D-01       5.7584D-01      -2.4908D-01       1.0917D-01       3.9522D-01       4.5703D-01
    1.1000D+02       2.1658D-01       5.6986D-01      -2.5425D-01       1.0608D-01       3.9322D-01       4.4923D-01
    1.1100D+02       2.1867D-01       5.6406D-01      -2.5927D-01       1.0306D-01       3.9136D-01       4.4125D-01
    1.1200D+02       2.2088D-01       5.5842D-01      -2.6416D-01       1.0009D-01       3.8965D-01       4.3313D-01
    1.1300D+02       2.2319D-01       5.5294D-01      -2.6891D-01       9.7182D-02       3.8806D-01       4.2487D-01
    1.1400D+02       2.2559D-01       5.4762D-01      -2.7353D-01       9.4325D-02       3.8660D-01       4.1648D-01
    1.1500D+02       2.2809D-01       5.4245D-01      -2.7803D-01       9.1521D-02       3.8527D-01       4.0798D-01
    1.1600D+02       2.3066D-01       5.3743D-01      -2.8240D-01       8.8769D-02       3.8405D-01       3.9939D-01
    1.1700D+02       2.3332D-01       5.3256D-01      -2.8666D-01       8.6068D-02       3.8294D-01       3.9071D-01
    1.1800D+02       2.3606D-01       5.2783D-01      -2.9080D-01       8.3419D-02       3.8194D-01       3.8196D-01
    1.1900D+02       2.3886D-01       5.2324D-01      -2.9483D-01       8.0820D-02       3.8105D-01       3.7316D-01
    1.2000D+02       2.4173D-01       5.1878D-01      -2.9875D-01       7.8271D-02       3.8025D-01       3.6430D-01
    1.2100D+02       2.4466D-01       5.1446D-01      -3.0257D-01       7.5771D-02       3.7956D-01       3.5542D-01
    1.2200D+02       2.4765D-01       5.1026D-01      -3.0629D-01       7.3320D-02       3.7895D-01       3.4650D-01
    1.2300D+02       2.5069D-01       5.0618D-01      -3.0992D-01       7.0918D-02       3.7844D-01       3.3756D-01
    1.2400D+02       2.5379D-01       5.0223D-01      -3.1346D-01       6.8564D-02       3.7801D-01       3.2862D-01
    1.2500D+02       2.5694D-01       4.9840D-01      -3.1690D-01       6.6257D-02       3.7767D-01       3.1968D-01
    1.2600D+02       2.6013D-01       4.9468D-01      -3.2026D-01       6.3997D-02       3.7741D-01       3.1074D-01
    1.2700D+02       2.6338D-01       4.9108D-01      -3.2354D-01       6.1783D-02       3.7723D-01       3.0181D-01
    1.2800D+02       2.6666D-01       4.8759D-01      -3.2675D-01       5.9613D-02       3.7712D-01       2.9290D-01
    1.2900D+02       2.6999D-01       4.8420D-01      -3.2987D-01       5.7488D-02       3.7710D-01       2.8403D-01
    1.3000D+02       2.7336D-01       4.8092D-01      -3.3293D-01       5.5406D-02       3.7714D-01       2.7518D-01
    1.3100D+02       2.7676D-01       4.7774D-01      -3.3591D-01       5.3365D-02       3.7725D-01       2.6638D-01
    1.3200D+02       2.8020D-01       4.7467D-01      -3.3883D-01       5.1366D-02       3.7743D-01       2.5762D-01
    1.3300D+02       2.8367D-01       4.7169D-01      -3.4168D-01       4.9407D-02       3.7768D-01       2.4892D-01
    1.3400D+02       2.8717D-01       4.6881D-01      -3.4447D-01       4.7488D-02       3.7799D-01       2.4027D-01
    1.3500D+02       2.9069D-01       4.6602D-01      -3.4719D-01       4.5606D-02       3.7836D-01       2.3170D-01
    1.3600D+02       2.9424D-01       4.6332D-01      -3.4985D-01       4.3763D-02       3.7878D-01       2.2319D-01
    1.3700D+02       2.9781D-01       4.6072D-01      -3.5246D-01       4.1956D-02       3.7927D-01       2.1477D-01
    1.3800D+02       3.0140D-01       4.5820D-01      -3.5501D-01       4.0185D-02       3.7980D-01       2.0643D-01
    1.3900D+02       3.0500D-01       4.5577D-01      -3.5750D-01       3.8450D-02       3.8039D-01       1.9818D-01
    1.4000D+02       3.0862D-01       4.5342D-01      -3.5994D-01       3.6750D-02       3.8102D-01       1.9002D-01
    1.4100D+02       3.1224D-01       4.5116D-01      -3.6232D-01       3.5085D-02       3.8170D-01       1.8197D-01
    1.4200D+02       3.1587D-01       4.4898D-01      -3.6465D-01       3.3455D-02       3.8242D-01       1.7403D-01
    1.4300D+02       3.1950D-01       4.4687D-01      -3.6693D-01       3.1859D-02       3.8319D-01       1.6620D-01
    1.4400D+02       3.2313D-01       4.4485D-01      -3.6915D-01       3.0297D-02       3.8399D-01       1.5849D-01
    1.4500D+02       3.2675D-01       4.4290D-01      -3.7133D-01       2.8769D-02       3.8482D-01       1.5091D-01
    1.4600D+02       3.3037D-01       4.4102D-01      -3.7345D-01       2.7276D-02       3.8570D-01       1.4345D-01
    1.4700D+02       3.3397D-01       4.3923D-01      -3.7553D-01       2.5817D-02       3.8660D-01       1.3613D-01
    1.4800D+02       3.3756D-01       4.3750D-01      -3.7755D-01       2.4392D-02       3.8753D-01       1.2894D-01
    1.4900D+02       3.4113D-01       4.3584D-01      -3.7953D-01       2.3003D-02       3.8849D-01       1.2189D-01
    1.5000D+02       3.4468D-01       4.3426D-01      -3.8145D-01       2.1648D-02       3.8947D-01       1.1499D-01
    1.5100D+02       3.4820D-01       4.3274D-01      -3.8333D-01       2.0328D-02       3.9047D-01       1.0824D-01
    1.5200D+02       3.5170D-01       4.3129D-01      -3.8516D-01       1.9045D-02       3.9149D-01       1.0165D-01
    1.5300D+02       3.5515D-01       4.2990D-01      -3.8694D-01       1.7797D-02       3.9253D-01       9.5213D-02
    1.5400D+02       3.5857D-01       4.2858D-01      -3.8868D-01       1.6585D-02       3.9358D-01       8.8939D-02
    1.5500D+02       3.6195D-01       4.2733D-01      -3.9036D-01       1.5411D-02       3.9464D-01       8.2832D-02
    1.5600D+02       3.6528D-01       4.2613D-01      -3.9200D-01       1.4273D-02       3.9570D-01       7.6895D-02
    1.5700D+02       3.6855D-01       4.2500D-01      -3.9359D-01       1.3174D-02       3.9678D-01       7.1135D-02
    1.5800D+02       3.7177D-01       4.2393D-01      -3.9512D-01       1.2113D-02       3.9785D-01       6.5554D-02
    1.5900D+02       3.7492D-01       4.2291D-01      -3.9661D-01       1.1091D-02       3.9891D-01       6.0158D-02
    1.6000D+02       3.7800D-01       4.2196D-01      -3.9804D-01       1.0108D-02       3.9998D-01       5.4952D-02
    1.6100D+02       3.8100D-01       4.2106D-01      -3.9942D-01       9.1664D-03       4.0103D-01       4.9940D-02
    1.6200D+02       3.8392D-01       4.2021D-01      -4.0075D-01       8.2655D-03       4.0207D-01       4.5129D-02
    1.6300D+02       3.8675D-01       4.1942D-01      -4.0201D-01       7.4064D-03       4.0308D-01       4.0525D-02
    1.6400D+02       3.8948D-01       4.1868D-01      -4.0323D-01       6.5900D-03       4.0408D-01       3.6132D-02
    1.6500D+02       3.9211D-01       4.1799D-01      -4.0438D-01       5.8170D-03       4.0505D-01       3.1958D-02
    1.6600D+02       3.9462D-01       4.1736D-01      -4.0547D-01       5.0883D-03       4.0599D-01       2.8010D-02
    1.6700D+02       3.9700D-01       4.1677D-01      -4.0649D-01       4.4049D-03       4.0689D-01       2.4293D-02
    1.6800D+02       3.9926D-01       4.1623D-01      -4.0746D-01       3.7675D-03       4.0775D-01       2.0815D-02
    1.6900D+02       4.0137D-01       4.1574D-01      -4.0835D-01       3.1770D-03       4.0856D-01       1.7582D-02
    1.7000D+02       4.0334D-01       4.1530D-01      -4.0918D-01       2.6344D-03       4.0932D-01       1.4602D-02
    1.7100D+02       4.0515D-01       4.1490D-01      -4.0993D-01       2.1404D-03       4.1003D-01       1.1882D-02
    1.7200D+02       4.0680D-01       4.1454D-01      -4.1061D-01       1.6959D-03       4.1067D-01       9.4271D-03
    1.7300D+02       4.0827D-01       4.1423D-01      -4.1122D-01       1.3017D-03       4.1125D-01       7.2446D-03
    1.7400D+02       4.0957D-01       4.1396D-01      -4.1174D-01       9.5847D-04       4.1176D-01       5.3400D-03
    1.7500D+02       4.1067D-01       4.1374D-01      -4.1219D-01       6.6687D-04       4.1220D-01       3.7188D-03
    1.7600D+02       4.1158D-01       4.1355D-01      -4.1257D-01       4.2746D-04       4.1257D-01       2.3856D-03
    1.7700D+02       4.1230D-01       4.1341D-01      -4.1285D-01       2.4074D-04       4.1286D-01       1.3443D-03
    1.7800D+02       4.1281D-01       4.1331D-01      -4.1306D-01       1.0709D-04       4.1306D-01       5.9827D-04
    1.7900D+02       4.1312D-01       4.1325D-01      -4.1319D-01       2.6787D-05       4.1319D-01       1.4969D-04
    1.8000D+02       4.1323D-01       4.1323D-01      -4.1323D-01       3.5380D-18       4.1323D-01       6.7168D-17
