 numangles= 181
  g= 5.40652D-01
   scat. angle           m2               m1              s21              d21           phase func.      polarization  
    0.0000D+00       1.5773D+01       1.5773D+01       1.5773D+01       0.0000D+00       1.5773D+01       0.0000D+00
    1.0000D+00       1.5709D+01       1.5722D+01       1.5716D+01       9.2012D-03       1.5716D+01       4.1434D-04
    2.0000D+00       1.5520D+01       1.5571D+01       1.5546D+01       3.6351D-02       1.5546D+01       1.6555D-03
    3.0000D+00       1.5211D+01       1.5325D+01       1.5268D+01       8.0118D-02       1.5268D+01       3.7178D-03
    4.0000D+00       1.4793D+01       1.4989D+01       1.4890D+01       1.3838D-01       1.4891D+01       6.5912D-03
    5.0000D+00       1.4276D+01       1.4572D+01       1.4421D+01       2.0838D-01       1.4424D+01       1.0261D-02
    6.0000D+00       1.3677D+01       1.4085D+01       1.3875D+01       2.8688D-01       1.3881D+01       1.4706D-02
    7.0000D+00       1.3011D+01       1.3539D+01       1.3265D+01       3.7038D-01       1.3275D+01       1.9899D-02
    8.0000D+00       1.2296D+01       1.2948D+01       1.2606D+01       4.5535D-01       1.2622D+01       2.5804D-02
    9.0000D+00       1.1550D+01       1.2323D+01       1.1912D+01       5.3840D-01       1.1937D+01       3.2377D-02
    1.0000D+01       1.0789D+01       1.1678D+01       1.1199D+01       6.1651D-01       1.1234D+01       3.9563D-02
    1.1000D+01       1.0029D+01       1.1025D+01       1.0480D+01       6.8715D-01       1.0527D+01       4.7296D-02
    1.2000D+01       9.2838D+00       1.0375D+01       9.7682D+00       7.4836D-01       9.8293D+00       5.5504D-02
    1.3000D+01       8.5642D+00       9.7374D+00       9.0740D+00       7.9889D-01       9.1508D+00       6.4103D-02
    1.4000D+01       7.8797D+00       9.1208D+00       8.4066D+00       8.3810D-01       8.5002D+00       7.3006D-02
    1.5000D+01       7.2367D+00       8.5316D+00       7.7728D+00       8.6602D-01       7.8842D+00       8.2124D-02
    1.6000D+01       6.6394D+00       7.9747D+00       7.1778D+00       8.8319D-01       7.3071D+00       9.1373D-02
    1.7000D+01       6.0898D+00       7.4533D+00       6.6244D+00       8.9060D-01       6.7715D+00       1.0068D-01
    1.8000D+01       5.5880D+00       6.9690D+00       6.1141D+00       8.8957D-01       6.2785D+00       1.0998D-01
    1.9000D+01       5.1325D+00       6.5223D+00       5.6466D+00       8.8158D-01       5.8274D+00       1.1924D-01
    2.0000D+01       4.7208D+00       6.1123D+00       5.2204D+00       8.6818D-01       5.4166D+00       1.2845D-01
    2.1000D+01       4.3495D+00       5.7375D+00       4.8331D+00       8.5086D-01       5.0435D+00       1.3761D-01
    2.2000D+01       4.0147D+00       5.3957D+00       4.4819D+00       8.3098D-01       4.7052D+00       1.4675D-01
    2.3000D+01       3.7125D+00       5.0840D+00       4.1633D+00       8.0968D-01       4.3983D+00       1.5592D-01
    2.4000D+01       3.4391D+00       4.7998D+00       3.8738D+00       7.8789D-01       4.1195D+00       1.6515D-01
    2.5000D+01       3.1910D+00       4.5401D+00       3.6102D+00       7.6625D-01       3.8656D+00       1.7451D-01
    2.6000D+01       2.9649D+00       4.3022D+00       3.3693D+00       7.4520D-01       3.6335D+00       1.8402D-01
    2.7000D+01       2.7581D+00       4.0835D+00       3.1481D+00       7.2497D-01       3.4208D+00       1.9373D-01
    2.8000D+01       2.5683D+00       3.8818D+00       2.9443D+00       7.0559D-01       3.2250D+00       2.0363D-01
    2.9000D+01       2.3936D+00       3.6950D+00       2.7559D+00       6.8702D-01       3.0443D+00       2.1373D-01
    3.0000D+01       2.2325D+00       3.5215D+00       2.5810D+00       6.6913D-01       2.8770D+00       2.2401D-01
    3.1000D+01       2.0837D+00       3.3600D+00       2.4184D+00       6.5176D-01       2.7219D+00       2.3444D-01
    3.2000D+01       1.9462D+00       3.2092D+00       2.2668D+00       6.3477D-01       2.5777D+00       2.4499D-01
    3.3000D+01       1.8190D+00       3.0682D+00       2.1255D+00       6.1802D-01       2.4436D+00       2.5561D-01
    3.4000D+01       1.7013D+00       2.9362D+00       1.9936D+00       6.0146D-01       2.3187D+00       2.6629D-01
    3.5000D+01       1.5924D+00       2.8125D+00       1.8705D+00       5.8505D-01       2.2025D+00       2.7699D-01
    3.6000D+01       1.4916D+00       2.6966D+00       1.7556D+00       5.6881D-01       2.0941D+00       2.8770D-01
    3.7000D+01       1.3983D+00       2.5880D+00       1.6483D+00       5.5280D-01       1.9931D+00       2.9842D-01
    3.8000D+01       1.3119D+00       2.4860D+00       1.5480D+00       5.3708D-01       1.8989D+00       3.0916D-01
    3.9000D+01       1.2316D+00       2.3903D+00       1.4544D+00       5.2174D-01       1.8110D+00       3.1991D-01
    4.0000D+01       1.1571D+00       2.3004D+00       1.3667D+00       5.0684D-01       1.7287D+00       3.3069D-01
    4.1000D+01       1.0877D+00       2.2159D+00       1.2846D+00       4.9245D-01       1.6518D+00       3.4152D-01
    4.2000D+01       1.0230D+00       2.1362D+00       1.2075D+00       4.7859D-01       1.5796D+00       3.5238D-01
    4.3000D+01       9.6264D-01       2.0612D+00       1.1350D+00       4.6527D-01       1.5119D+00       3.6329D-01
    4.4000D+01       9.0627D-01       1.9902D+00       1.0667D+00       4.5248D-01       1.4483D+00       3.7423D-01
    4.5000D+01       8.5359D-01       1.9231D+00       1.0023D+00       4.4019D-01       1.3884D+00       3.8518D-01
    4.6000D+01       8.0434D-01       1.8596D+00       9.4132D-01       4.2834D-01       1.3320D+00       3.9612D-01
    4.7000D+01       7.5829D-01       1.7993D+00       8.8364D-01       4.1689D-01       1.2788D+00       4.0702D-01
    4.8000D+01       7.1525D-01       1.7420D+00       8.2899D-01       4.0578D-01       1.2286D+00       4.1784D-01
    4.9000D+01       6.7502D-01       1.6875D+00       7.7720D-01       3.9497D-01       1.1813D+00       4.2855D-01
    5.0000D+01       6.3744D-01       1.6356D+00       7.2808D-01       3.8441D-01       1.1365D+00       4.3914D-01
    5.1000D+01       6.0234D-01       1.5863D+00       6.8151D-01       3.7410D-01       1.0943D+00       4.4957D-01
    5.2000D+01       5.6954D-01       1.5392D+00       6.3734D-01       3.6401D-01       1.0544D+00       4.5984D-01
    5.3000D+01       5.3891D-01       1.4944D+00       5.9546D-01       3.5415D-01       1.0167D+00       4.6993D-01
    5.4000D+01       5.1028D-01       1.4517D+00       5.5573D-01       3.4452D-01       9.8099D-01       4.7983D-01
    5.5000D+01       4.8351D-01       1.4110D+00       5.1804D-01       3.3513D-01       9.4724D-01       4.8956D-01
    5.6000D+01       4.5847D-01       1.3721D+00       4.8226D-01       3.2600D-01       9.1528D-01       4.9909D-01
    5.7000D+01       4.3504D-01       1.3350D+00       4.4828D-01       3.1714D-01       8.8501D-01       5.0843D-01
    5.8000D+01       4.1312D-01       1.2995D+00       4.1596D-01       3.0855D-01       8.5633D-01       5.1757D-01
    5.9000D+01       3.9260D-01       1.2657D+00       3.8521D-01       3.0024D-01       8.2913D-01       5.2649D-01
    6.0000D+01       3.7339D-01       1.2332D+00       3.5591D-01       2.9221D-01       8.0332D-01       5.3519D-01
    6.1000D+01       3.5544D-01       1.2022D+00       3.2797D-01       2.8443D-01       7.7883D-01       5.4362D-01
    6.2000D+01       3.3867D-01       1.1725D+00       3.0130D-01       2.7690D-01       7.5558D-01       5.5178D-01
    6.3000D+01       3.2302D-01       1.1440D+00       2.7581D-01       2.6960D-01       7.3350D-01       5.5962D-01
    6.4000D+01       3.0843D-01       1.1166D+00       2.5145D-01       2.6251D-01       7.1253D-01       5.6714D-01
    6.5000D+01       2.9485D-01       1.0904D+00       2.2815D-01       2.5561D-01       6.9261D-01       5.7429D-01
    6.6000D+01       2.8223D-01       1.0651D+00       2.0585D-01       2.4888D-01       6.7368D-01       5.8107D-01
    6.7000D+01       2.7051D-01       1.0409D+00       1.8452D-01       2.4232D-01       6.5570D-01       5.8745D-01
    6.8000D+01       2.5964D-01       1.0176D+00       1.6412D-01       2.3592D-01       6.3861D-01       5.9343D-01
    6.9000D+01       2.4957D-01       9.9515D-01       1.4459D-01       2.2966D-01       6.2236D-01       5.9899D-01
    7.0000D+01       2.4025D-01       9.7358D-01       1.2591D-01       2.2355D-01       6.0692D-01       6.0414D-01
    7.1000D+01       2.3163D-01       9.5282D-01       1.0803D-01       2.1758D-01       5.9223D-01       6.0888D-01
    7.2000D+01       2.2367D-01       9.3284D-01       9.0926D-02       2.1176D-01       5.7825D-01       6.1320D-01
    7.3000D+01       2.1632D-01       9.1360D-01       7.4548D-02       2.0609D-01       5.6496D-01       6.1710D-01
    7.4000D+01       2.0956D-01       8.9507D-01       5.8861D-02       2.0058D-01       5.5231D-01       6.2058D-01
    7.5000D+01       2.0334D-01       8.7721D-01       4.3828D-02       1.9521D-01       5.4028D-01       6.2363D-01
    7.6000D+01       1.9764D-01       8.6001D-01       2.9412D-02       1.9000D-01       5.2883D-01       6.2626D-01
    7.7000D+01       1.9244D-01       8.4341D-01       1.5579D-02       1.8493D-01       5.1793D-01       6.2844D-01
    7.8000D+01       1.8771D-01       8.2741D-01       2.2952D-03       1.8001D-01       5.0756D-01       6.3017D-01
    7.9000D+01       1.8343D-01       8.1196D-01      -1.0469D-02       1.7522D-01       4.9770D-01       6.3144D-01
    8.0000D+01       1.7958D-01       7.9705D-01      -2.2740D-02       1.7057D-01       4.8832D-01       6.3224D-01
    8.1000D+01       1.7614D-01       7.8265D-01      -3.4543D-02       1.6604D-01       4.7939D-01       6.3257D-01
    8.2000D+01       1.7310D-01       7.6873D-01      -4.5899D-02       1.6162D-01       4.7091D-01       6.3242D-01
    8.3000D+01       1.7043D-01       7.5528D-01      -5.6827D-02       1.5731D-01       4.6285D-01       6.3178D-01
    8.4000D+01       1.6812D-01       7.4227D-01      -6.7346D-02       1.5310D-01       4.5519D-01       6.3067D-01
    8.5000D+01       1.6614D-01       7.2969D-01      -7.7470D-02       1.4899D-01       4.4791D-01       6.2909D-01
    8.6000D+01       1.6447D-01       7.1752D-01      -8.7214D-02       1.4497D-01       4.4100D-01       6.2705D-01
    8.7000D+01       1.6310D-01       7.0575D-01      -9.6594D-02       1.4105D-01       4.3443D-01       6.2456D-01
    8.8000D+01       1.6201D-01       6.9436D-01      -1.0562D-01       1.3721D-01       4.2818D-01       6.2163D-01
    8.9000D+01       1.6118D-01       6.8333D-01      -1.1431D-01       1.3346D-01       4.2226D-01       6.1829D-01
    9.0000D+01       1.6059D-01       6.7266D-01      -1.2268D-01       1.2981D-01       4.1663D-01       6.1454D-01
    9.1000D+01       1.6024D-01       6.6233D-01      -1.3074D-01       1.2624D-01       4.1128D-01       6.1039D-01
    9.2000D+01       1.6010D-01       6.5232D-01      -1.3851D-01       1.2275D-01       4.0621D-01       6.0586D-01
    9.3000D+01       1.6018D-01       6.4263D-01      -1.4600D-01       1.1936D-01       4.0140D-01       6.0096D-01
    9.4000D+01       1.6045D-01       6.3324D-01      -1.5322D-01       1.1605D-01       3.9685D-01       5.9570D-01
    9.5000D+01       1.6090D-01       6.2415D-01      -1.6018D-01       1.1282D-01       3.9253D-01       5.9008D-01
    9.6000D+01       1.6155D-01       6.1534D-01      -1.6691D-01       1.0968D-01       3.8844D-01       5.8412D-01
    9.7000D+01       1.6236D-01       6.0680D-01      -1.7340D-01       1.0662D-01       3.8458D-01       5.7782D-01
    9.8000D+01       1.6334D-01       5.9851D-01      -1.7968D-01       1.0363D-01       3.8093D-01       5.7120D-01
    9.9000D+01       1.6448D-01       5.9048D-01      -1.8575D-01       1.0071D-01       3.7748D-01       5.6427D-01
    1.0000D+02       1.6577D-01       5.8269D-01      -1.9161D-01       9.7861D-02       3.7423D-01       5.5703D-01
    1.0100D+02       1.6721D-01       5.7514D-01      -1.9728D-01       9.5078D-02       3.7117D-01       5.4951D-01
    1.0200D+02       1.6878D-01       5.6781D-01      -2.0277D-01       9.2358D-02       3.6829D-01       5.4173D-01
    1.0300D+02       1.7048D-01       5.6070D-01      -2.0808D-01       8.9699D-02       3.6559D-01       5.3369D-01
    1.0400D+02       1.7230D-01       5.5380D-01      -2.1321D-01       8.7098D-02       3.6305D-01       5.2541D-01
    1.0500D+02       1.7423D-01       5.4710D-01      -2.1818D-01       8.4555D-02       3.6066D-01       5.1692D-01
    1.0600D+02       1.7626D-01       5.4060D-01      -2.2299D-01       8.2066D-02       3.5843D-01       5.0824D-01
    1.0700D+02       1.7840D-01       5.3429D-01      -2.2764D-01       7.9632D-02       3.5634D-01       4.9937D-01
    1.0800D+02       1.8062D-01       5.2817D-01      -2.3215D-01       7.7253D-02       3.5439D-01       4.9034D-01
    1.0900D+02       1.8293D-01       5.2222D-01      -2.3651D-01       7.4926D-02       3.5258D-01       4.8117D-01
    1.1000D+02       1.8531D-01       5.1646D-01      -2.4073D-01       7.2652D-02       3.5089D-01       4.7187D-01
    1.1100D+02       1.8778D-01       5.1086D-01      -2.4482D-01       7.0430D-02       3.4932D-01       4.6245D-01
    1.1200D+02       1.9031D-01       5.0542D-01      -2.4879D-01       6.8259D-02       3.4786D-01       4.5292D-01
    1.1300D+02       1.9291D-01       5.0014D-01      -2.5263D-01       6.6139D-02       3.4653D-01       4.4331D-01
    1.1400D+02       1.9557D-01       4.9502D-01      -2.5636D-01       6.4068D-02       3.4530D-01       4.3362D-01
    1.1500D+02       1.9829D-01       4.9005D-01      -2.5998D-01       6.2044D-02       3.4417D-01       4.2386D-01
    1.1600D+02       2.0107D-01       4.8523D-01      -2.6349D-01       6.0068D-02       3.4315D-01       4.1404D-01
    1.1700D+02       2.0390D-01       4.8054D-01      -2.6691D-01       5.8137D-02       3.4222D-01       4.0418D-01
    1.1800D+02       2.0679D-01       4.7599D-01      -2.7022D-01       5.6250D-02       3.4139D-01       3.9428D-01
    1.1900D+02       2.0972D-01       4.7158D-01      -2.7344D-01       5.4405D-02       3.4065D-01       3.8436D-01
    1.2000D+02       2.1269D-01       4.6729D-01      -2.7658D-01       5.2602D-02       3.3999D-01       3.7443D-01
    1.2100D+02       2.1570D-01       4.6314D-01      -2.7962D-01       5.0837D-02       3.3942D-01       3.6449D-01
    1.2200D+02       2.1876D-01       4.5910D-01      -2.8258D-01       4.9112D-02       3.3893D-01       3.5456D-01
    1.2300D+02       2.2184D-01       4.5518D-01      -2.8547D-01       4.7423D-02       3.3851D-01       3.4466D-01
    1.2400D+02       2.2496D-01       4.5138D-01      -2.8827D-01       4.5771D-02       3.3817D-01       3.3478D-01
    1.2500D+02       2.2810D-01       4.4769D-01      -2.9100D-01       4.4154D-02       3.3790D-01       3.2495D-01
    1.2600D+02       2.3126D-01       4.4412D-01      -2.9365D-01       4.2572D-02       3.3769D-01       3.1516D-01
    1.2700D+02       2.3445D-01       4.4065D-01      -2.9624D-01       4.1024D-02       3.3755D-01       3.0544D-01
    1.2800D+02       2.3765D-01       4.3728D-01      -2.9875D-01       3.9510D-02       3.3747D-01       2.9578D-01
    1.2900D+02       2.4087D-01       4.3402D-01      -3.0120D-01       3.8029D-02       3.3744D-01       2.8620D-01
    1.3000D+02       2.4409D-01       4.3086D-01      -3.0359D-01       3.6581D-02       3.3748D-01       2.7671D-01
    1.3100D+02       2.4733D-01       4.2779D-01      -3.0591D-01       3.5166D-02       3.3756D-01       2.6730D-01
    1.3200D+02       2.5058D-01       4.2483D-01      -3.0818D-01       3.3783D-02       3.3770D-01       2.5799D-01
    1.3300D+02       2.5383D-01       4.2195D-01      -3.1038D-01       3.2431D-02       3.3789D-01       2.4878D-01
    1.3400D+02       2.5709D-01       4.1917D-01      -3.1254D-01       3.1111D-02       3.3813D-01       2.3968D-01
    1.3500D+02       2.6034D-01       4.1647D-01      -3.1464D-01       2.9821D-02       3.3841D-01       2.3069D-01
    1.3600D+02       2.6360D-01       4.1387D-01      -3.1669D-01       2.8562D-02       3.3873D-01       2.2181D-01
    1.3700D+02       2.6686D-01       4.1135D-01      -3.1868D-01       2.7332D-02       3.3910D-01       2.1305D-01
    1.3800D+02       2.7011D-01       4.0891D-01      -3.2064D-01       2.6131D-02       3.3951D-01       2.0442D-01
    1.3900D+02       2.7335D-01       4.0655D-01      -3.2254D-01       2.4959D-02       3.3995D-01       1.9591D-01
    1.4000D+02       2.7659D-01       4.0428D-01      -3.2440D-01       2.3815D-02       3.4044D-01       1.8754D-01
    1.4100D+02       2.7982D-01       4.0208D-01      -3.2622D-01       2.2699D-02       3.4095D-01       1.7930D-01
    1.4200D+02       2.8304D-01       3.9996D-01      -3.2799D-01       2.1609D-02       3.4150D-01       1.7119D-01
    1.4300D+02       2.8624D-01       3.9792D-01      -3.2972D-01       2.0546D-02       3.4208D-01       1.6323D-01
    1.4400D+02       2.8943D-01       3.9595D-01      -3.3141D-01       1.9510D-02       3.4269D-01       1.5542D-01
    1.4500D+02       2.9259D-01       3.9405D-01      -3.3306D-01       1.8499D-02       3.4332D-01       1.4776D-01
    1.4600D+02       2.9574D-01       3.9222D-01      -3.3467D-01       1.7514D-02       3.4398D-01       1.4024D-01
    1.4700D+02       2.9886D-01       3.9046D-01      -3.3624D-01       1.6554D-02       3.4466D-01       1.3289D-01
    1.4800D+02       3.0195D-01       3.8877D-01      -3.3777D-01       1.5619D-02       3.4536D-01       1.2569D-01
    1.4900D+02       3.0502D-01       3.8715D-01      -3.3926D-01       1.4710D-02       3.4608D-01       1.1866D-01
    1.5000D+02       3.0805D-01       3.8559D-01      -3.4071D-01       1.3826D-02       3.4682D-01       1.1179D-01
    1.5100D+02       3.1105D-01       3.8410D-01      -3.4213D-01       1.2967D-02       3.4757D-01       1.0509D-01
    1.5200D+02       3.1401D-01       3.8267D-01      -3.4351D-01       1.2134D-02       3.4834D-01       9.8558D-02
    1.5300D+02       3.1693D-01       3.8131D-01      -3.4485D-01       1.1325D-02       3.4912D-01       9.2202D-02
    1.5400D+02       3.1980D-01       3.8000D-01      -3.4615D-01       1.0542D-02       3.4990D-01       8.6024D-02
    1.5500D+02       3.2263D-01       3.7876D-01      -3.4741D-01       9.7849D-03       3.5069D-01       8.0025D-02
    1.5600D+02       3.2540D-01       3.7757D-01      -3.4864D-01       9.0532D-03       3.5149D-01       7.4209D-02
    1.5700D+02       3.2813D-01       3.7644D-01      -3.4983D-01       8.3475D-03       3.5229D-01       6.8579D-02
    1.5800D+02       3.3079D-01       3.7538D-01      -3.5098D-01       7.6679D-03       3.5308D-01       6.3137D-02
    1.5900D+02       3.3339D-01       3.7436D-01      -3.5209D-01       7.0147D-03       3.5388D-01       5.7888D-02
    1.6000D+02       3.3593D-01       3.7340D-01      -3.5316D-01       6.3880D-03       3.5467D-01       5.2834D-02
    1.6100D+02       3.3839D-01       3.7250D-01      -3.5420D-01       5.7882D-03       3.5545D-01       4.7980D-02
    1.6200D+02       3.4078D-01       3.7165D-01      -3.5519D-01       5.2156D-03       3.5622D-01       4.3328D-02
    1.6300D+02       3.4309D-01       3.7085D-01      -3.5613D-01       4.6705D-03       3.5697D-01       3.8884D-02
    1.6400D+02       3.4532D-01       3.7011D-01      -3.5704D-01       4.1533D-03       3.5771D-01       3.4652D-02
    1.6500D+02       3.4745D-01       3.6941D-01      -3.5790D-01       3.6642D-03       3.5843D-01       3.0636D-02
    1.6600D+02       3.4949D-01       3.6877D-01      -3.5872D-01       3.2038D-03       3.5913D-01       2.6841D-02
    1.6700D+02       3.5142D-01       3.6817D-01      -3.5949D-01       2.7723D-03       3.5980D-01       2.3273D-02
    1.6800D+02       3.5325D-01       3.6762D-01      -3.6021D-01       2.3704D-03       3.6044D-01       1.9937D-02
    1.6900D+02       3.5496D-01       3.6712D-01      -3.6088D-01       1.9983D-03       3.6104D-01       1.6839D-02
    1.7000D+02       3.5655D-01       3.6667D-01      -3.6149D-01       1.6566D-03       3.6161D-01       1.3984D-02
    1.7100D+02       3.5802D-01       3.6626D-01      -3.6206D-01       1.3457D-03       3.6214D-01       1.1378D-02
    1.7200D+02       3.5935D-01       3.6589D-01      -3.6257D-01       1.0661D-03       3.6262D-01       9.0277D-03
    1.7300D+02       3.6054D-01       3.6557D-01      -3.6303D-01       8.1819D-04       3.6305D-01       6.9380D-03
    1.7400D+02       3.6158D-01       3.6530D-01      -3.6342D-01       6.0240D-04       3.6344D-01       5.1144D-03
    1.7500D+02       3.6247D-01       3.6507D-01      -3.6376D-01       4.1910D-04       3.6377D-01       3.5619D-03
    1.7600D+02       3.6321D-01       3.6488D-01      -3.6404D-01       2.6863D-04       3.6404D-01       2.2851D-03
    1.7700D+02       3.6379D-01       3.6473D-01      -3.6426D-01       1.5129D-04       3.6426D-01       1.2878D-03
    1.7800D+02       3.6421D-01       3.6463D-01      -3.6442D-01       6.7296D-05       3.6442D-01       5.7316D-04
    1.7900D+02       3.6446D-01       3.6456D-01      -3.6451D-01       1.6833D-05       3.6451D-01       1.4341D-04
    1.8000D+02       3.6454D-01       3.6454D-01      -3.6454D-01      -3.5401D-18       3.6454D-01       0.0000D+00
