 numangles= 181
  g= 4.50387D-01
   scat. angle           m2               m1              s21              d21           phase func.      polarization  
    0.0000D+00       7.0880D+00       7.0880D+00       7.0880D+00       0.0000D+00       7.0880D+00       0.0000D+00
    1.0000D+00       7.0778D+00       7.0809D+00       7.0793D+00       2.3201D-03       7.0793D+00       2.1956D-04
    2.0000D+00       7.0473D+00       7.0597D+00       7.0535D+00       9.2414D-03       7.0535D+00       8.7792D-04
    3.0000D+00       6.9970D+00       7.0247D+00       7.0108D+00       2.0649D-02       7.0109D+00       1.9740D-03
    4.0000D+00       6.9274D+00       6.9761D+00       6.9516D+00       3.6353D-02       6.9518D+00       3.5062D-03
    5.0000D+00       6.8392D+00       6.9144D+00       6.8764D+00       5.6096D-02       6.8768D+00       5.4719D-03
    6.0000D+00       6.7334D+00       6.8402D+00       6.7859D+00       7.9557D-02       6.7868D+00       7.8680D-03
    7.0000D+00       6.6112D+00       6.7541D+00       6.6811D+00       1.0636D-01       6.6826D+00       1.0690D-02
    8.0000D+00       6.4739D+00       6.6568D+00       6.5627D+00       1.3608D-01       6.5654D+00       1.3934D-02
    9.0000D+00       6.3228D+00       6.5493D+00       6.4320D+00       1.6827D-01       6.4361D+00       1.7594D-02
    1.0000D+01       6.1596D+00       6.4324D+00       6.2899D+00       2.0245D-01       6.2960D+00       2.1663D-02
    1.1000D+01       5.9858D+00       6.3070D+00       6.1377D+00       2.3810D-01       6.1464D+00       2.6133D-02
    1.2000D+01       5.8030D+00       6.1742D+00       5.9766D+00       2.7474D-01       5.9886D+00       3.0995D-02
    1.3000D+01       5.6128D+00       6.0349D+00       5.8080D+00       3.1187D-01       5.8239D+00       3.6241D-02
    1.4000D+01       5.4170D+00       5.8903D+00       5.6329D+00       3.4901D-01       5.6536D+00       4.1858D-02
    1.5000D+01       5.2170D+00       5.7412D+00       5.4528D+00       3.8570D-01       5.4791D+00       4.7834D-02
    1.6000D+01       5.0144D+00       5.5886D+00       5.2689D+00       4.2154D-01       5.3015D+00       5.4158D-02
    1.7000D+01       4.8107D+00       5.4336D+00       5.0822D+00       4.5612D-01       5.1221D+00       6.0813D-02
    1.8000D+01       4.6071D+00       5.2771D+00       4.8940D+00       4.8911D-01       4.9421D+00       6.7785D-02
    1.9000D+01       4.4049D+00       5.1198D+00       4.7054D+00       5.2023D-01       4.7624D+00       7.5058D-02
    2.0000D+01       4.2053D+00       4.9627D+00       4.5173D+00       5.4922D-01       4.5840D+00       8.2615D-02
    2.1000D+01       4.0092D+00       4.8064D+00       4.3306D+00       5.7589D-01       4.4078D+00       9.0438D-02
    2.2000D+01       3.8174D+00       4.6517D+00       4.1463D+00       6.0010D-01       4.2345D+00       9.8509D-02
    2.3000D+01       3.6307D+00       4.4990D+00       3.9649D+00       6.2176D-01       4.0649D+00       1.0681D-01
    2.4000D+01       3.4497D+00       4.3490D+00       3.7871D+00       6.4082D-01       3.8994D+00       1.1532D-01
    2.5000D+01       3.2749D+00       4.2022D+00       3.6135D+00       6.5726D-01       3.7385D+00       1.2402D-01
    2.6000D+01       3.1066D+00       4.0588D+00       3.4446D+00       6.7111D-01       3.5827D+00       1.3290D-01
    2.7000D+01       2.9450D+00       3.9192D+00       3.2807D+00       6.8245D-01       3.4321D+00       1.4193D-01
    2.8000D+01       2.7904D+00       3.7838D+00       3.1221D+00       6.9135D-01       3.2871D+00       1.5110D-01
    2.9000D+01       2.6428D+00       3.6526D+00       2.9691D+00       6.9794D-01       3.1477D+00       1.6039D-01
    3.0000D+01       2.5023D+00       3.5258D+00       2.8217D+00       7.0234D-01       3.0140D+00       1.6979D-01
    3.1000D+01       2.3686D+00       3.4034D+00       2.6801D+00       7.0470D-01       2.8860D+00       1.7928D-01
    3.2000D+01       2.2418D+00       3.2857D+00       2.5442D+00       7.0518D-01       2.7637D+00       1.8885D-01
    3.3000D+01       2.1216D+00       3.1725D+00       2.4141D+00       7.0394D-01       2.6471D+00       1.9849D-01
    3.4000D+01       2.0079D+00       3.0637D+00       2.2898D+00       7.0114D-01       2.5358D+00       2.0818D-01
    3.5000D+01       1.9004D+00       2.9595D+00       2.1710D+00       6.9693D-01       2.4299D+00       2.1792D-01
    3.6000D+01       1.7989D+00       2.8596D+00       2.0576D+00       6.9149D-01       2.3292D+00       2.2770D-01
    3.7000D+01       1.7030D+00       2.7640D+00       1.9495D+00       6.8495D-01       2.2335D+00       2.3751D-01
    3.8000D+01       1.6126D+00       2.6725D+00       1.8466D+00       6.7747D-01       2.1425D+00       2.4735D-01
    3.9000D+01       1.5273D+00       2.5850D+00       1.7486D+00       6.6917D-01       2.0562D+00       2.5720D-01
    4.0000D+01       1.4470D+00       2.5014D+00       1.6554D+00       6.6017D-01       1.9742D+00       2.6706D-01
    4.1000D+01       1.3712D+00       2.4215D+00       1.5666D+00       6.5060D-01       1.8963D+00       2.7692D-01
    4.2000D+01       1.2998D+00       2.3451D+00       1.4822D+00       6.4055D-01       1.8225D+00       2.8678D-01
    4.3000D+01       1.2326D+00       2.2722D+00       1.4019D+00       6.3011D-01       1.7524D+00       2.9663D-01
    4.4000D+01       1.1692D+00       2.2025D+00       1.3255D+00       6.1937D-01       1.6859D+00       3.0647D-01
    4.5000D+01       1.1095D+00       2.1359D+00       1.2529D+00       6.0841D-01       1.6227D+00       3.1628D-01
    4.6000D+01       1.0532D+00       2.0723D+00       1.1838D+00       5.9728D-01       1.5628D+00       3.2606D-01
    4.7000D+01       1.0002D+00       2.0115D+00       1.1180D+00       5.8604D-01       1.5058D+00       3.3580D-01
    4.8000D+01       9.5017D-01       1.9533D+00       1.0553D+00       5.7474D-01       1.4518D+00       3.4550D-01
    4.9000D+01       9.0305D-01       1.8977D+00       9.9566D-01       5.6342D-01       1.4004D+00       3.5514D-01
    5.0000D+01       8.5864D-01       1.8445D+00       9.3883D-01       5.5212D-01       1.3516D+00       3.6472D-01
    5.1000D+01       8.1677D-01       1.7936D+00       8.8468D-01       5.4087D-01       1.3052D+00       3.7422D-01
    5.2000D+01       7.7730D-01       1.7449D+00       8.3305D-01       5.2969D-01       1.2611D+00       3.8363D-01
    5.3000D+01       7.4009D-01       1.6982D+00       7.8380D-01       5.1860D-01       1.2192D+00       3.9295D-01
    5.4000D+01       7.0501D-01       1.6535D+00       7.3681D-01       5.0763D-01       1.1793D+00       4.0215D-01
    5.5000D+01       6.7195D-01       1.6106D+00       6.9196D-01       4.9678D-01       1.1413D+00       4.1123D-01
    5.6000D+01       6.4079D-01       1.5695D+00       6.4912D-01       4.8606D-01       1.1052D+00       4.2018D-01
    5.7000D+01       6.1142D-01       1.5301D+00       6.0820D-01       4.7550D-01       1.0708D+00       4.2898D-01
    5.8000D+01       5.8375D-01       1.4922D+00       5.6909D-01       4.6509D-01       1.0380D+00       4.3762D-01
    5.9000D+01       5.5768D-01       1.4559D+00       5.3169D-01       4.5483D-01       1.0068D+00       4.4608D-01
    6.0000D+01       5.3313D-01       1.4210D+00       4.9592D-01       4.4475D-01       9.7708D-01       4.5436D-01
    6.1000D+01       5.1001D-01       1.3875D+00       4.6169D-01       4.3483D-01       9.4875D-01       4.6244D-01
    6.2000D+01       4.8826D-01       1.3553D+00       4.2892D-01       4.2508D-01       9.2176D-01       4.7030D-01
    6.3000D+01       4.6779D-01       1.3243D+00       3.9754D-01       4.1550D-01       8.9603D-01       4.7794D-01
    6.4000D+01       4.4853D-01       1.2945D+00       3.6747D-01       4.0609D-01       8.7150D-01       4.8533D-01
    6.5000D+01       4.3044D-01       1.2658D+00       3.3866D-01       3.9686D-01       8.4811D-01       4.9247D-01
    6.6000D+01       4.1344D-01       1.2382D+00       3.1103D-01       3.8779D-01       8.2580D-01       4.9935D-01
    6.7000D+01       3.9748D-01       1.2116D+00       2.8454D-01       3.7890D-01       8.0453D-01       5.0595D-01
    6.8000D+01       3.8250D-01       1.1860D+00       2.5912D-01       3.7018D-01       7.8423D-01       5.1226D-01
    6.9000D+01       3.6846D-01       1.1613D+00       2.3472D-01       3.6162D-01       7.6487D-01       5.1827D-01
    7.0000D+01       3.5531D-01       1.1375D+00       2.1130D-01       3.5323D-01       7.4639D-01       5.2396D-01
    7.1000D+01       3.4301D-01       1.1145D+00       1.8881D-01       3.4501D-01       7.2877D-01       5.2933D-01
    7.2000D+01       3.3150D-01       1.0924D+00       1.6720D-01       3.3695D-01       7.1195D-01       5.3437D-01
    7.3000D+01       3.2076D-01       1.0710D+00       1.4643D-01       3.2904D-01       6.9590D-01       5.3907D-01
    7.4000D+01       3.1074D-01       1.0504D+00       1.2647D-01       3.2130D-01       6.8058D-01       5.4342D-01
    7.5000D+01       3.0141D-01       1.0305D+00       1.0727D-01       3.1371D-01       6.6596D-01       5.4741D-01
    7.6000D+01       2.9273D-01       1.0113D+00       8.8807D-02       3.0628D-01       6.5201D-01       5.5104D-01
    7.7000D+01       2.8468D-01       9.9273D-01       7.1039D-02       2.9899D-01       6.3870D-01       5.5429D-01
    7.8000D+01       2.7722D-01       9.7478D-01       5.3938D-02       2.9185D-01       6.2600D-01       5.5716D-01
    7.9000D+01       2.7032D-01       9.5744D-01       3.7472D-02       2.8486D-01       6.1388D-01       5.5965D-01
    8.0000D+01       2.6397D-01       9.4067D-01       2.1614D-02       2.7801D-01       6.0232D-01       5.6175D-01
    8.1000D+01       2.5812D-01       9.2446D-01       6.3370D-03       2.7130D-01       5.9129D-01       5.6346D-01
    8.2000D+01       2.5276D-01       9.0877D-01      -8.3851D-03       2.6473D-01       5.8077D-01       5.6478D-01
    8.3000D+01       2.4787D-01       8.9360D-01      -2.2577D-02       2.5830D-01       5.7073D-01       5.6570D-01
    8.4000D+01       2.4342D-01       8.7892D-01      -3.6260D-02       2.5199D-01       5.6117D-01       5.6623D-01
    8.5000D+01       2.3939D-01       8.6470D-01      -4.9458D-02       2.4582D-01       5.5205D-01       5.6636D-01
    8.6000D+01       2.3577D-01       8.5094D-01      -6.2192D-02       2.3977D-01       5.4335D-01       5.6609D-01
    8.7000D+01       2.3253D-01       8.3761D-01      -7.4480D-02       2.3384D-01       5.3507D-01       5.6543D-01
    8.8000D+01       2.2965D-01       8.2471D-01      -8.6343D-02       2.2804D-01       5.2718D-01       5.6438D-01
    8.9000D+01       2.2712D-01       8.1220D-01      -9.7797D-02       2.2235D-01       5.1966D-01       5.6294D-01
    9.0000D+01       2.2493D-01       8.0009D-01      -1.0886D-01       2.1678D-01       5.1251D-01       5.6112D-01
    9.1000D+01       2.2305D-01       7.8835D-01      -1.1955D-01       2.1133D-01       5.0570D-01       5.5892D-01
    9.2000D+01       2.2148D-01       7.7697D-01      -1.2988D-01       2.0598D-01       4.9923D-01       5.5635D-01
    9.3000D+01       2.2020D-01       7.6594D-01      -1.3987D-01       2.0075D-01       4.9307D-01       5.5341D-01
    9.4000D+01       2.1919D-01       7.5524D-01      -1.4952D-01       1.9562D-01       4.8722D-01       5.5011D-01
    9.5000D+01       2.1845D-01       7.4487D-01      -1.5886D-01       1.9059D-01       4.8166D-01       5.4647D-01
    9.6000D+01       2.1796D-01       7.3481D-01      -1.6790D-01       1.8567D-01       4.7639D-01       5.4248D-01
    9.7000D+01       2.1770D-01       7.2506D-01      -1.7664D-01       1.8085D-01       4.7138D-01       5.3816D-01
    9.8000D+01       2.1768D-01       7.1559D-01      -1.8511D-01       1.7613D-01       4.6664D-01       5.3351D-01
    9.9000D+01       2.1788D-01       7.0641D-01      -1.9330D-01       1.7150D-01       4.6214D-01       5.2855D-01
    1.0000D+02       2.1828D-01       6.9750D-01      -2.0124D-01       1.6696D-01       4.5789D-01       5.2329D-01
    1.0100D+02       2.1888D-01       6.8886D-01      -2.0894D-01       1.6252D-01       4.5387D-01       5.1774D-01
    1.0200D+02       2.1968D-01       6.8047D-01      -2.1639D-01       1.5816D-01       4.5007D-01       5.1191D-01
    1.0300D+02       2.2065D-01       6.7232D-01      -2.2362D-01       1.5390D-01       4.4649D-01       5.0580D-01
    1.0400D+02       2.2180D-01       6.6442D-01      -2.3062D-01       1.4971D-01       4.4311D-01       4.9944D-01
    1.0500D+02       2.2312D-01       6.5674D-01      -2.3742D-01       1.4562D-01       4.3993D-01       4.9284D-01
    1.0600D+02       2.2459D-01       6.4930D-01      -2.4402D-01       1.4160D-01       4.3694D-01       4.8600D-01
    1.0700D+02       2.2621D-01       6.4206D-01      -2.5042D-01       1.3766D-01       4.3414D-01       4.7894D-01
    1.0800D+02       2.2798D-01       6.3504D-01      -2.5663D-01       1.3381D-01       4.3151D-01       4.7167D-01
    1.0900D+02       2.2989D-01       6.2823D-01      -2.6266D-01       1.3003D-01       4.2906D-01       4.6420D-01
    1.1000D+02       2.3192D-01       6.2161D-01      -2.6853D-01       1.2632D-01       4.2677D-01       4.5656D-01
    1.1100D+02       2.3409D-01       6.1518D-01      -2.7422D-01       1.2269D-01       4.2464D-01       4.4874D-01
    1.1200D+02       2.3637D-01       6.0895D-01      -2.7975D-01       1.1913D-01       4.2266D-01       4.4076D-01
    1.1300D+02       2.3876D-01       6.0289D-01      -2.8514D-01       1.1564D-01       4.2083D-01       4.3263D-01
    1.1400D+02       2.4127D-01       5.9701D-01      -2.9037D-01       1.1222D-01       4.1914D-01       4.2437D-01
    1.1500D+02       2.4388D-01       5.9130D-01      -2.9546D-01       1.0886D-01       4.1759D-01       4.1598D-01
    1.1600D+02       2.4659D-01       5.8576D-01      -3.0041D-01       1.0557D-01       4.1617D-01       4.0749D-01
    1.1700D+02       2.4939D-01       5.8038D-01      -3.0523D-01       1.0235D-01       4.1488D-01       3.9889D-01
    1.1800D+02       2.5228D-01       5.7515D-01      -3.0993D-01       9.9190D-02       4.1372D-01       3.9021D-01
    1.1900D+02       2.5526D-01       5.7008D-01      -3.1450D-01       9.6092D-02       4.1267D-01       3.8145D-01
    1.2000D+02       2.5832D-01       5.6516D-01      -3.1895D-01       9.3054D-02       4.1174D-01       3.7262D-01
    1.2100D+02       2.6146D-01       5.6039D-01      -3.2329D-01       9.0075D-02       4.1092D-01       3.6374D-01
    1.2200D+02       2.6467D-01       5.5576D-01      -3.2752D-01       8.7155D-02       4.1021D-01       3.5481D-01
    1.2300D+02       2.6795D-01       5.5126D-01      -3.3165D-01       8.4292D-02       4.0961D-01       3.4584D-01
    1.2400D+02       2.7129D-01       5.4690D-01      -3.3567D-01       8.1485D-02       4.0910D-01       3.3685D-01
    1.2500D+02       2.7470D-01       5.4268D-01      -3.3959D-01       7.8732D-02       4.0869D-01       3.2784D-01
    1.2600D+02       2.7817D-01       5.3858D-01      -3.4342D-01       7.6034D-02       4.0838D-01       3.1883D-01
    1.2700D+02       2.8170D-01       5.3460D-01      -3.4716D-01       7.3388D-02       4.0815D-01       3.0981D-01
    1.2800D+02       2.8528D-01       5.3075D-01      -3.5080D-01       7.0794D-02       4.0802D-01       3.0081D-01
    1.2900D+02       2.8891D-01       5.2702D-01      -3.5437D-01       6.8251D-02       4.0796D-01       2.9182D-01
    1.3000D+02       2.9259D-01       5.2340D-01      -3.5784D-01       6.5758D-02       4.0800D-01       2.8285D-01
    1.3100D+02       2.9632D-01       5.1990D-01      -3.6124D-01       6.3315D-02       4.0811D-01       2.7392D-01
    1.3200D+02       3.0008D-01       5.1650D-01      -3.6456D-01       6.0920D-02       4.0829D-01       2.6503D-01
    1.3300D+02       3.0389D-01       5.1322D-01      -3.6781D-01       5.8572D-02       4.0855D-01       2.5619D-01
    1.3400D+02       3.0773D-01       5.1004D-01      -3.7098D-01       5.6272D-02       4.0888D-01       2.4740D-01
    1.3500D+02       3.1160D-01       5.0697D-01      -3.7408D-01       5.4017D-02       4.0928D-01       2.3867D-01
    1.3600D+02       3.1550D-01       5.0400D-01      -3.7711D-01       5.1808D-02       4.0975D-01       2.3001D-01
    1.3700D+02       3.1943D-01       5.0113D-01      -3.8007D-01       4.9645D-02       4.1028D-01       2.2142D-01
    1.3800D+02       3.2339D-01       4.9835D-01      -3.8297D-01       4.7526D-02       4.1087D-01       2.1291D-01
    1.3900D+02       3.2737D-01       4.9567D-01      -3.8581D-01       4.5451D-02       4.1152D-01       2.0449D-01
    1.4000D+02       3.3137D-01       4.9309D-01      -3.8858D-01       4.3419D-02       4.1223D-01       1.9615D-01
    1.4100D+02       3.3538D-01       4.9059D-01      -3.9129D-01       4.1431D-02       4.1299D-01       1.8791D-01
    1.4200D+02       3.3941D-01       4.8819D-01      -3.9394D-01       3.9485D-02       4.1380D-01       1.7978D-01
    1.4300D+02       3.4344D-01       4.8587D-01      -3.9653D-01       3.7583D-02       4.1466D-01       1.7174D-01
    1.4400D+02       3.4748D-01       4.8364D-01      -3.9906D-01       3.5723D-02       4.1556D-01       1.6382D-01
    1.4500D+02       3.5153D-01       4.8149D-01      -4.0153D-01       3.3905D-02       4.1651D-01       1.5602D-01
    1.4600D+02       3.5557D-01       4.7943D-01      -4.0395D-01       3.2129D-02       4.1750D-01       1.4833D-01
    1.4700D+02       3.5961D-01       4.7744D-01      -4.0631D-01       3.0395D-02       4.1853D-01       1.4077D-01
    1.4800D+02       3.6364D-01       4.7554D-01      -4.0862D-01       2.8704D-02       4.1959D-01       1.3335D-01
    1.4900D+02       3.6765D-01       4.7371D-01      -4.1086D-01       2.7055D-02       4.2068D-01       1.2606D-01
    1.5000D+02       3.7165D-01       4.7196D-01      -4.1306D-01       2.5449D-02       4.2180D-01       1.1891D-01
    1.5100D+02       3.7562D-01       4.7028D-01      -4.1519D-01       2.3885D-02       4.2295D-01       1.1191D-01
    1.5200D+02       3.7956D-01       4.6868D-01      -4.1727D-01       2.2365D-02       4.2412D-01       1.0506D-01
    1.5300D+02       3.8347D-01       4.6715D-01      -4.1930D-01       2.0888D-02       4.2531D-01       9.8374D-02
    1.5400D+02       3.8734D-01       4.6569D-01      -4.2126D-01       1.9455D-02       4.2651D-01       9.1848D-02
    1.5500D+02       3.9116D-01       4.6429D-01      -4.2317D-01       1.8066D-02       4.2773D-01       8.5492D-02
    1.5600D+02       3.9493D-01       4.6297D-01      -4.2502D-01       1.6722D-02       4.2895D-01       7.9311D-02
    1.5700D+02       3.9863D-01       4.6171D-01      -4.2681D-01       1.5424D-02       4.3017D-01       7.3312D-02
    1.5800D+02       4.0227D-01       4.6051D-01      -4.2854D-01       1.4172D-02       4.3139D-01       6.7500D-02
    1.5900D+02       4.0584D-01       4.5938D-01      -4.3021D-01       1.2967D-02       4.3261D-01       6.1883D-02
    1.6000D+02       4.0932D-01       4.5831D-01      -4.3181D-01       1.1810D-02       4.3382D-01       5.6467D-02
    1.6100D+02       4.1271D-01       4.5730D-01      -4.3335D-01       1.0701D-02       4.3501D-01       5.1258D-02
    1.6200D+02       4.1600D-01       4.5635D-01      -4.3483D-01       9.6416D-03       4.3618D-01       4.6263D-02
    1.6300D+02       4.1918D-01       4.5546D-01      -4.3623D-01       8.6326D-03       4.3732D-01       4.1488D-02
    1.6400D+02       4.2224D-01       4.5463D-01      -4.3757D-01       7.6747D-03       4.3843D-01       3.6941D-02
    1.6500D+02       4.2517D-01       4.5385D-01      -4.3884D-01       6.7689D-03       4.3951D-01       3.2628D-02
    1.6600D+02       4.2797D-01       4.5313D-01      -4.4004D-01       5.9162D-03       4.4055D-01       2.8556D-02
    1.6700D+02       4.3063D-01       4.5247D-01      -4.4116D-01       5.1173D-03       4.4155D-01       2.4731D-02
    1.6800D+02       4.3313D-01       4.5185D-01      -4.4220D-01       4.3733D-03       4.4249D-01       2.1160D-02
    1.6900D+02       4.3546D-01       4.5129D-01      -4.4317D-01       3.6851D-03       4.4338D-01       1.7849D-02
    1.7000D+02       4.3763D-01       4.5078D-01      -4.4407D-01       3.0534D-03       4.4421D-01       1.4804D-02
    1.7100D+02       4.3962D-01       4.5032D-01      -4.4488D-01       2.4791D-03       4.4497D-01       1.2030D-02
    1.7200D+02       4.4142D-01       4.4992D-01      -4.4561D-01       1.9630D-03       4.4567D-01       9.5335D-03
    1.7300D+02       4.4302D-01       4.4956D-01      -4.4626D-01       1.5058D-03       4.4629D-01       7.3182D-03
    1.7400D+02       4.4443D-01       4.4925D-01      -4.4682D-01       1.1081D-03       4.4684D-01       5.3889D-03
    1.7500D+02       4.4563D-01       4.4899D-01      -4.4730D-01       7.7064D-04       4.4731D-01       3.7496D-03
    1.7600D+02       4.4662D-01       4.4877D-01      -4.4769D-01       4.9379D-04       4.4770D-01       2.4036D-03
    1.7700D+02       4.4739D-01       4.4861D-01      -4.4800D-01       2.7801D-04       4.4800D-01       1.3537D-03
    1.7800D+02       4.4795D-01       4.4849D-01      -4.4822D-01       1.2364D-04       4.4822D-01       6.0218D-04
    1.7900D+02       4.4828D-01       4.4842D-01      -4.4835D-01       3.0923D-05       4.4835D-01       1.5063D-04
    1.8000D+02       4.4840D-01       4.4840D-01      -4.4840D-01       4.9250D-18       4.4840D-01       1.2380D-16
