0.0
-0.0001500000000000945
-0.0006499999999998174
-0.0014500000000001734
-0.0025500000000002743
-0.00395000000000012
-0.005649999999999711
-0.007550000000000168
-0.00975000000000037
-0.012150000000000105
-0.014749999999999819
-0.01750000000000007
-0.020399999999999974
-0.023400000000000087
-0.026499999999999968
-0.02970000000000006
-0.03294999999999959
-0.036150000000000126
-0.039449999999999985
-0.04265000000000008
-0.045849999999999724
-0.04899999999999993
-0.05204999999999993
-0.05509999999999993
-0.05799999999999983
-0.06084999999999985
-0.06354999999999977
-0.06614999999999993
-0.0687000000000002
-0.07115000000000005
-0.07350000000000012
-0.0757000000000001
-0.07784999999999997
-0.07990000000000008
-0.08179999999999987
-0.08365
-0.08545000000000003
-0.08714999999999984
-0.0887500000000001
-0.09029999999999982
-0.09175
-0.09314999999999984
-0.09444999999999992
-0.0956999999999999
-0.09689999999999999
-0.09804999999999997
-0.09909999999999997
-0.10004999999999997
-0.10099999999999998
-0.10185
-0.10265000000000002
-0.10335000000000005
-0.10404999999999998
-0.10465000000000002
-0.10515000000000008
-0.10559999999999992
-0.10599999999999998
-0.10634999999999994
-0.10660000000000003
-0.10683999999999999
-0.10699999999999998
-0.10705499999999996
-0.10704999999999992
-0.10697999999999996
-0.10688999999999999
-0.10669000000000001
-0.106435
-0.10611999999999999
-0.10574
-0.10529999999999995
-0.1048
-0.10424
-0.10361999999999999
-0.10293999999999998
-0.10221000000000002
-0.10141999999999995
-0.10057500000000003
-0.09967499999999999
-0.09872499999999998
-0.09772499999999998
-0.09667500000000001
-0.09556999999999999
-0.09442000000000003
-0.093225
-0.09198499999999998
-0.0907
-0.08936999999999998
-0.08799499999999999
-0.086585
-0.08512499999999998
-0.08363499999999999
-0.08209999999999998
-0.08052999999999999
-0.078925
-0.07727999999999999
-0.0756
-0.07388999999999998
-0.07214500000000001
-0.07036500000000001
-0.068555
-0.06670999999999999
-0.06484000000000001
-0.06293999999999998
-0.061009999999999995
-0.059050000000000005
-0.05707000000000001
-0.05506
-0.05302499999999999
-0.050970000000000015
-0.048884999999999984
-0.04678500000000001
-0.04465999999999999
-0.042515
-0.040355000000000016
-0.038180000000000006
-0.03599000000000001
-0.033784999999999996
-0.031575000000000006
-0.029359999999999983
-0.027135000000000006
-0.024909999999999988
-0.022690000000000002
-0.020469999999999988
-0.01826499999999999
-0.01607
-0.01389
-0.01172999999999999
-0.009604999999999989
-0.007515000000000008
-0.0054499999999999965
-0.0034399999999999986
-0.001480000000000009
0.0004249999999999948
0.0022699999999999942
0.004045000000000007
0.005745
0.0073649999999999965
0.008889999999999995
0.010325
0.011660000000000004
0.01289499999999999
0.014010000000000009
0.015020000000000006
0.015905000000000002
0.016674999999999995
0.01731500000000001
0.017835000000000004
0.018229999999999996
0.01849500000000001
0.018644999999999995
0.018669999999999992
0.018575000000000008
0.018365000000000006
0.018055
0.017634999999999998
0.01712000000000001
0.016520000000000007
0.015839999999999993
0.015090000000000006
0.014274999999999996
0.013419999999999987
0.012514999999999998
0.011579999999999993
0.01063
0.009669999999999998
0.00871000000000001
0.007754999999999998
0.006830000000000003
0.005930000000000005
0.005070000000000005
0.004255000000000009
0.003494999999999998
0.002795000000000006
0.0021599999999999953
0.0015999999999999903
0.0011200000000000099
0.0007200000000000123
0.0004100000000000076
0.00018499999999999073
4.999999999999449e-05
0.0
