0.0
-9.999999999976694e-05
-0.0003500000000000725
-0.0007500000000000284
-0.0013499999999995183
-0.002049999999999663
-0.002949999999999342
-0.003949999999999676
-0.005049999999999777
-0.006249999999999645
-0.007550000000000168
-0.00890000000000013
-0.010299999999999976
-0.011699999999999822
-0.013149999999999995
-0.014650000000000052
-0.016199999999999992
-0.017650000000000166
-0.019200000000000106
-0.020700000000000163
-0.02220000000000022
-0.023749999999999716
-0.0253000000000001
-0.026899999999999924
-0.028449999999999864
-0.030050000000000132
-0.031700000000000284
-0.033399999999999874
-0.035049999999999804
-0.036800000000000166
-0.03849999999999998
-0.0403
-0.04214999999999991
-0.043949999999999934
-0.04580000000000006
-0.04760000000000009
-0.0495000000000001
-0.05135000000000001
-0.053199999999999914
-0.05505000000000004
-0.05689999999999995
-0.058700000000000196
-0.06044999999999989
-0.06215000000000004
-0.06380000000000008
-0.0655
-0.06705000000000005
-0.06855
-0.06999999999999995
-0.07140000000000002
-0.07269999999999999
-0.07394999999999996
-0.07509999999999994
-0.07615000000000005
-0.07720000000000005
-0.07810000000000006
-0.07894999999999996
-0.0797
-0.08040999999999998
-0.08098999999999995
-0.08149499999999998
-0.08191500000000002
-0.08229500000000006
-0.08255000000000001
-0.08274000000000004
-0.08285500000000001
-0.08289999999999997
-0.08286500000000002
-0.08276499999999998
-0.08259
-0.08235000000000003
-0.08203499999999997
-0.08166499999999999
-0.08123000000000002
-0.080735
-0.080185
-0.079575
-0.07890500000000003
-0.078185
-0.07741
-0.076595
-0.07572500000000001
-0.07480499999999998
-0.07383999999999999
-0.072825
-0.07177499999999998
-0.07067499999999999
-0.069545
-0.06836500000000001
-0.06715000000000002
-0.06589499999999998
-0.064605
-0.063275
-0.061915
-0.060514999999999985
-0.059085
-0.05762500000000001
-0.05612500000000001
-0.05460000000000001
-0.053035
-0.051449999999999996
-0.049835000000000004
-0.04819000000000001
-0.046520000000000006
-0.04481500000000001
-0.04309000000000002
-0.04133999999999999
-0.03956499999999999
-0.03776
-0.035939999999999986
-0.03409000000000001
-0.03222
-0.030329999999999996
-0.028414999999999996
-0.02647999999999999
-0.024535000000000015
-0.022564999999999988
-0.02057500000000001
-0.018575000000000008
-0.016560000000000005
-0.014530000000000001
-0.012490000000000001
-0.010444999999999996
-0.008395
-0.006339999999999998
-0.004285000000000011
-0.002244999999999997
-0.00020499999999999685
0.0018200000000000022
0.003825000000000009
0.0058
0.007740000000000011
0.009645
0.01150000000000001
0.013299999999999992
0.015030000000000002
0.01669000000000001
0.01826
0.019729999999999998
0.021105
0.022355
0.023485000000000006
0.024480000000000002
0.025330000000000005
0.026025000000000006
0.026565000000000005
0.026940000000000006
0.027149999999999994
0.027185
0.027059999999999987
0.026760000000000006
0.02629999999999999
0.025685000000000013
0.024925000000000003
0.024025000000000005
0.023004999999999998
0.02187
0.020644999999999997
0.019345
0.01799500000000001
0.016604999999999995
0.015189999999999995
0.01378
0.012380000000000002
0.011020000000000002
0.009704999999999991
0.00845
0.007269999999999999
0.006159999999999999
0.005144999999999997
0.004224999999999993
0.003390000000000004
0.0026549999999999907
0.002009999999999998
0.001464999999999994
0.001004999999999992
0.0006450000000000067
0.0003599999999999992
0.00015999999999999348
3.999999999999837e-05
0.0
