7.5337
7.5268
7.5059
7.4714
7.4234
7.3624
7.2886
7.2028
7.1056
6.9975
6.8793
6.752
6.6162
6.4729
6.323
6.1673
6.0068
5.8424
5.6748
5.505
5.3338
5.162
4.9902
4.8191
4.6494
4.4816
4.3162
4.1537
3.9944
3.8388
3.6871
3.5395
3.3963
3.2575
3.1233
2.9937
2.8689
2.7487
2.6331
2.5222
2.4158
2.3138
2.2161
2.1227
2.0334
1.948
1.8665
1.7887
1.7144
1.6435
1.5759
1.5115
1.45
1.3914
1.3355
1.2822
1.2314
1.183
1.1368
1.0928
1.0508
1.0107
0.97256
0.93614
0.9014
0.86825
0.83663
0.80645
0.77765
0.75017
0.72393
0.69889
0.67499
0.65216
0.63037
0.60956
0.5897
0.57072
0.55261
0.53531
0.51879
0.50301
0.48795
0.47356
0.45983
0.44672
0.4342
0.42226
0.41086
0.39997
0.38959
0.37969
0.37024
0.36124
0.35265
0.34447
0.33667
0.32925
0.32218
0.31545
0.30904
0.30295
0.29716
0.29166
0.28643
0.28147
0.27676
0.27229
0.26805
0.26403
0.26023
0.25662
0.2532
0.24997
0.2469
0.244
0.24124
0.23863
0.23616
0.2338
0.23156
0.22942
0.22738
0.22542
0.22354
0.22173
0.21997
0.21826
0.21659
0.21496
0.21335
0.21176
0.21019
0.20862
0.20705
0.20549
0.20392
0.20236
0.2008
0.19924
0.19769
0.19615
0.19464
0.19316
0.19172
0.19034
0.18904
0.18781
0.18669
0.18569
0.18483
0.18412
0.18358
0.18322
0.18305
0.1831
0.18336
0.18384
0.18455
0.18548
0.18664
0.188
0.18957
0.19131
0.19322
0.19526
0.19741
0.19963
0.20189
0.20416
0.2064
0.20856
0.21062
0.21254
0.21428
0.21581
0.2171
0.21813
0.21888
0.21934
0.21949
