5.3912
5.3886
5.3809
5.3681
5.3502
5.3273
5.2994
5.2667
5.2292
5.1871
5.1406
5.0896
5.0345
4.9753
4.9123
4.8456
4.7755
4.7021
4.6257
4.5464
4.4646
4.3803
4.294
4.2057
4.1157
4.0242
3.9315
3.8378
3.7433
3.6483
3.5528
3.4572
3.3617
3.2663
3.1714
3.0771
2.9835
2.8908
2.7992
2.7088
2.6197
2.5321
2.446
2.3615
2.2788
2.1979
2.1189
2.0418
1.9667
1.8937
1.8228
1.7539
1.6871
1.6225
1.56
1.4997
1.4414
1.3852
1.3311
1.2791
1.2291
1.1811
1.135
1.0908
1.0485
1.008
0.96924
0.93221
0.89685
0.86309
0.83089
0.8002
0.77094
0.74308
0.71656
0.69132
0.66731
0.64447
0.62276
0.60212
0.58251
0.56387
0.54615
0.52932
0.51332
0.49811
0.48365
0.46991
0.45683
0.44439
0.43255
0.42126
0.41051
0.40026
0.39047
0.38113
0.3722
0.36366
0.35548
0.34764
0.34012
0.3329
0.32596
0.31929
0.31286
0.30665
0.30067
0.29489
0.2893
0.28389
0.27865
0.27357
0.26865
0.26387
0.25923
0.25473
0.25035
0.24611
0.24198
0.23798
0.23409
0.23032
0.22667
0.22313
0.21971
0.2164
0.21321
0.21014
0.20719
0.20435
0.20164
0.19905
0.19659
0.19425
0.19204
0.18996
0.18801
0.18618
0.18449
0.18293
0.1815
0.18021
0.17904
0.178
0.17709
0.1763
0.17563
0.17509
0.17466
0.17434
0.17413
0.17403
0.17402
0.1741
0.17427
0.17452
0.17484
0.17523
0.17568
0.17618
0.17672
0.1773
0.17791
0.17854
0.17918
0.17983
0.18047
0.18111
0.18173
0.18233
0.1829
0.18344
0.18393
0.18438
0.18478
0.18512
0.18541
0.18563
0.18579
0.18589
0.18593
