0.0
-0.0007014047816650546
-0.0028459453585603814
-0.00644166433928263
-0.011248348680850475
-0.017212736064257165
-0.0243010248956143
-0.0323181086534321
-0.040967249656715984
-0.05029529877537879
-0.05994584456032757
-0.06985443295387277
-0.07982595743452317
-0.08967335408938505
-0.09928053770126488
-0.10857174928487166
-0.1173679675359061
-0.12565147607767385
-0.1333335798377764
-0.14036427881621352
-0.14674357301298654
-0.15240211489189487
-0.15744794706153656
-0.16171976459430773
-0.1654578937221102
-0.168518745894036
-0.17103297357388775
-0.17297796690645956
-0.17440209473224866
-0.1754150308193539
-0.17594416531257107
-0.17614917197999952
-0.1759090721259369
-0.17541256082278134
-0.17464996430243288
-0.1735793251734882
-0.172290969667848
-0.17081391908980995
-0.16918849967127517
-0.16742438518034286
-0.16550059692131092
-0.1635381135898818
-0.1614353040265518
-0.1593341256227249
-0.15717327345079862
-0.15500468226439293
-0.15278125419393754
-0.15062687006556408
-0.14850313840099186
-0.1463813414900396
-0.14433342540521876
-0.14231809653781924
-0.14039212652551034
-0.1385026132378623
-0.1367024588053049
-0.1349877937205984
-0.1333508789692635
-0.1318023556962091
-0.13026447356806417
-0.12885627652691048
-0.1275377645727481
-0.1262642526185857
-0.1250394470557128
-0.12387335920302114
-0.12276984724885875
-0.12171230267150629
-0.12068282334053397
-0.11968511564723118
-0.11871031008435827
-0.11775017828958473
-0.11679939403100992
-0.11585054452605503
-0.11489200993410881
-0.11393379025517132
-0.11294604860519288
-0.11194071973779327
-0.11089957529064214
-0.10983084362606996
-0.10871726375855612
-0.10756383568810068
-0.10636362466108373
-0.10511953280793519
-0.10382059275184505
-0.1024687392464332
-0.10106800491488963
-0.09960532451083429
-0.09809279590383738
-0.09651928860113862
-0.09489190047230821
-0.09321369676372622
-0.09147548173625236
-0.08968741850583689
-0.08784853969566989
-0.08595674743618115
-0.08402220484332101
-0.08203974880113915
-0.08000954242558589
-0.0779335204702811
-0.07581974818160485
-0.07366419293636713
-0.07147491998094808
-0.06924596193853774
-0.06698328618594604
-0.0646828600999829
-0.06235678155021858
-0.05999601791346296
-0.05760863443609615
-0.055194631118118176
-0.052749975336338975
-0.05027869971394862
-0.047785804250947084
-0.04526532157052445
-0.0427222516726807
-0.04016465980379597
-0.03758141547111001
-0.034981714413763174
-0.03236845876218531
-0.029731648516376406
-0.027088381545906627
-0.02443769047396606
-0.021775542677364625
-0.01911597077929239
-0.016452040026129478
-0.013794717794685845
-0.01114513457772169
-0.008509257752047009
-0.005894185187231941
-0.0033029821296566304
-0.0007466159561310217
0.0017728154637747056
0.0042482142604903855
0.006664580434015993
0.009025783491591312
0.011312790810026256
0.013517537142940687
0.015637924620764455
0.01765992062030749
0.019581427271999602
0.021392444575840792
0.023073776792690685
0.024629456545739347
0.026046418588606665
0.027318532428532386
0.02844386331189663
0.02940724812274907
0.030215784730659948
0.03085431001967889
0.03132588923618606
0.031622457133801324
0.031756111582094855
0.03171572208830643
0.03151145176838635
0.031144267999144548
0.030612236026961136
0.029929388475026207
0.029103790589719843
0.02813657286380232
0.027045800543653752
0.025837604122034383
0.02452504884532434
0.02312829782947393
0.0216484815672434
0.02011173055139297
0.01853724052106306
0.016927109345823817
0.015307467518435479
0.013691543401228514
0.01210046748696314
0.010547468137969787
0.009047545354248489
0.00762102536769981
0.0062819408015138516
0.0050364221484508346
0.003908665147651127
0.0029057676686849348
0.002035794957932374
0.001313910131343755
0.0007441458121091272
0.0003315020002284782
8.210918846208244e-05
0.0
