0.0
-0.0003675941533234507
-0.0013810841556862192
-0.0031869322951240345
-0.005595846114030847
-0.008632872815654159
-0.012315889772817301
-0.016552066815947092
-0.02121645114829337
-0.026412674888321497
-0.03197649278167227
-0.037872244489203254
-0.04406426967177129
-0.0504776155326258
-0.056976621732623564
-0.06357562793262152
-0.07021038887826168
-0.07682382914561554
-0.08328382610750407
-0.08965471942478408
-0.09588297138549139
-0.1018757518200538
-0.10760093810129276
-0.11302640760202988
-0.11817003769508581
-0.12301041329567555
-0.1274689494885846
-0.13162423118902677
-0.13537625839700246
-0.13878573865490432
-0.14187408704751836
-0.14461271865963013
-0.1469837561184188
-0.1490371994238842
-0.15077658628799057
-0.15221262425313095
-0.15337743594648426
-0.15431385153762184
-0.15494328611132982
-0.15538715475239379
-0.15564899517277864
-0.15567880737248366
-0.15556942152108105
-0.15534225270335655
-0.15491871600409576
-0.15443810388090598
-0.15381680309662316
-0.15315053063429013
-0.15235963082445342
-0.1515026697010273
-0.1506371425436869
-0.14968767669993585
-0.14869998915281704
-0.1476551317752697
-0.14657205269435472
-0.14548287453725067
-0.14433224353276097
-0.143139433257193
-0.141898019185111
-0.14068979849444702
-0.1394011768293369
-0.1380910928761913
-0.13674312210957454
-0.13536867961427237
-0.13395027955125965
-0.13250148795445083
-0.13101016331536722
-0.1294966594052053
-0.1279527639612472
-0.1263752647207751
-0.12476952489563525
-0.12313303976550281
-0.12148116310157418
-0.11980355057330286
-0.11809805123156036
-0.11637716979667158
-0.11463983551439726
-0.11288104838473745
-0.11111366689921348
-0.1093276910578254
-0.10753169633513743
-0.10572210725658542
-0.10390249929673347
-0.10207180170134239
-0.10023608522465147
-0.09838142062089997
-0.09652245411889143
-0.09464346873558302
-0.09276018145401763
-0.09086366302843449
-0.0889489134588336
-0.08702093274521498
-0.08508257937910003
-0.08312492411472808
-0.08115189619785983
-0.07916063713697381
-0.07714793466935221
-0.0751148595492343
-0.07306641177662004
-0.0710004498430309
-0.06891411525694545
-0.0668024080183637
-0.06467818661880703
-0.06252645105827549
-0.06036220133676903
-0.05817436670004837
-0.05596901790235286
-0.05374508418944312
-0.05150542405284063
-0.04924432050950255
-0.04696749054247167
-0.044668146414465905
-0.04235593435428881
-0.04002513737889749
-0.03767075548829201
-0.035304576419754485
-0.03291088319024204
-0.030499322028558245
-0.02807310519742098
-0.025626161942590944
-0.023151704526786006
-0.020663308424570436
-0.018147398161379977
-0.015616478457539586
-0.01306697383848499
-0.010495672041498358
-0.007910431558101063
-0.005313393896771722
-0.0027052760405531593
-8.714874368466558e-05
0.002532058748073055
0.005141629451677143
0.007746563367127636
0.010332931248663784
0.012888228375960657
0.015410313240539654
0.017879539613597242
0.020293049003611986
0.02263226593601963
0.024891119656580894
0.02704710544497079
0.029085577072385807
0.030996534538825928
0.03275854387820549
0.034366605090524464
0.0357942842096972
0.03703372274420227
0.03807206220251827
0.038896444093123754
0.03949722218721517
0.039867608747510434
0.04000332075705235
0.03989471198703741
0.039549640928986954
0.03896596607442248
0.038150828931822534
0.03712066346727279
0.035874398926533976
0.03443775229264889
0.03282429904018183
0.03105368539793633
0.02915234533199807
0.02713992507117057
0.02504571707306095
0.022894367566472767
0.02071231051749165
0.018522050646442603
0.01636180965669341
0.014251233777047638
0.012211756973590915
0.010273025475126865
0.008450402493501834
0.006769605011758615
0.0052502792587007996
0.0038960007088926583
0.0027246278538555946
0.0017558069223931306
0.0009952548975481375
0.00044011328779917745
0.00011002832194978347
0.0
