7.020109358540808
7.013851180088701
6.995251917347452
6.964462115547197
6.92158177468794
6.86693671261489
6.801077474558188
6.724254605747974
6.6371444692595984
6.540272882938275
6.434316209859352
6.320000267868042
6.198001420039694
6.069096029449662
5.934009913943153
5.793619436595521
5.648676233097188
5.499906121293362
5.348110191644326
5.1940895346103595
5.038445240651744
4.882003127613691
4.725313740726341
4.568978170449973
4.41364696201473
4.25972011542061
4.107723448512824
3.9581075065215137
3.811247562061747
3.6673930699033868
3.5268698478916414
3.3899026234114404
3.2567161238477156
3.1274608944306053
3.0022111173149
2.8811420651156694
2.764203192602773
2.6513944997762118
2.542815986635984
2.438417107951951
2.3381225911090415
2.2418818908771154
2.149645552486313
2.061287758091423
1.9767332350773765
1.8958067108291026
1.818483457961671
1.744612931244942
1.674044585448775
1.60675369318824
1.5424649818482667
1.4811784514288557
1.422718829314936
1.3670108428914378
1.3138792195432907
1.2631992318855652
1.2149708799182606
1.1689188910263077
1.1250679925946356
1.0832429120081741
1.0433941944970637
1.0054218400613044
0.9692427216862349
0.9347421119869255
0.9018448473943335
0.8704859824314733
0.8405829353138238
0.8120681787798781
0.784876658306622
0.7589383738940555
0.7342007437576575
0.7106063496819491
0.6880975553593953
0.666621888051503
0.6461342932352583
0.6265822981721679
0.6079257938162042
0.5901273619518878
0.5731419480562049
0.5569344976061413
0.5414650106016972
0.5267134870428725
0.5126323996681602
0.4991966939545461
0.48638142442504445
0.4741615365566411
0.46249950308782906
0.4513853240186084
0.440778999348979
0.43068052907894083
0.421047331423973
0.4118744609070894
0.403136863005276
0.39481206498003985
0.386892539569874
0.3793532322517643
0.37218672481023196
0.36537043546075565
0.3589018914648426
0.35275356556098575
0.34691545774918514
0.3413800407679336
0.33613731461723123
0.3311748065585851
0.3264749893304882
0.32203280840992626
0.3178433183199136
0.31388146453743604
0.3101547743240005
0.30664572041810023
0.303344302819735
0.3002505215289049
0.29733932202259583
0.294623286085329
0.2920747774095691
0.28969885051833033
0.28748303267311964
0.2854147420894159
0.28349397876721927
0.28170826996803666
0.28004503390734703
0.27850932510816445
0.2770685617859678
0.27574027120226413
0.2745018715725323
0.2733408901582795
0.2722573269595056
0.27123860019168955
0.27028223711633836
0.26937318321043807
0.26850143847398855
0.26765947564548287
0.266857294724921
0.2660598411892889
0.26528464230009363
0.2645241707958281
0.2637659539379993
0.2630224644651003
0.26228122963863815
0.2615447221971057
0.2608255239250241
0.26012363482239337
0.2594390548892134
0.25879942043301946
0.2582072041923044
0.2576649879515894
0.25720288075690245
0.25683840986975065
0.256584157074655
0.25646270415613653
0.2564841601602235
0.2566811068714369
0.25705859881279075
0.2576542722918202
0.25847565457003224
0.25952532743194795
0.2608358726620884
0.26239729026045366
0.2642296892730717
0.26631801517692855
0.26865979523353123
0.2712550294428797
0.27407113602045297
0.27710058770474394
0.2803008027112315
0.2836541447323806
0.28711050472216326
0.29063730089605816
0.29418184242351636
0.29770649299700264
0.3011410345244607
0.3044553579598627
0.3075792452111524
0.3104750599707945
0.31309763866974694
0.3153918177389677
0.31732748813242856
0.3188694862810874
0.31999028492343723
0.32067482953646403
0.32090548381263256
