7.68824348912804
7.680260706234424
7.656699308277549
7.617543210040224
7.563337404855019
7.494610800837314
7.412047086392078
7.31654929746048
7.208775250273276
7.090005370916433
6.961097475620705
6.82314807568925
6.677237597208032
6.524504508871607
6.365971194157346
6.202740689006414
6.03569668182378
5.865768080724826
5.69386444628873
5.520737296486076
5.347122064070257
5.173715486722265
5.001075607050698
4.8296830775193555
4.6600605079834425
4.492630508298166
4.327757645710133
4.165706487465953
4.0067835582036375
3.851253425169796
3.6993032654662406
3.5511396037309844
3.406846354746835
3.266572000543208
3.1304198034391093
2.9985769405363536
2.8709273266177466
2.747635528929898
2.628685462255616
2.5140610413777056
2.403826833542777
2.297863491214632
2.1962355816398778
2.0988044097461174
2.005573237852357
1.9163614134947957
1.83125285145624
1.750047551736691
1.6726068192637507
1.5988306540374186
1.5286803609852977
1.46201724503499
1.398660653722695
1.3385105870484124
1.281447697475943
1.227371985005287
1.1760834496364447
1.127416916934574
1.0814240180591776
1.0377627956188515
0.9964158368310176
0.9573012069420556
0.9202279272562636
0.8851059977736415
0.851827027015909
0.8202948844903054
0.79039698297941
0.7620452572368422
0.7351413157843217
0.709612897636328
0.6853677418073402
0.6623335873118382
0.6404462384106815
0.6196314993647296
0.599827109188462
0.5809850026354989
0.5630367882275594
0.5459485964574037
0.5296581663395113
0.5141393673811219
0.49935219958223565
0.48524440195733193
0.47179597450641086
0.45897498247585244
0.44675723012651636
0.4351107827047827
0.42401144447151123
0.4134372806730819
0.40337022606311473
0.3937883458879897
0.3846755096549467
0.3760197826103657
0.3678011647542468
0.36000159084020994
0.35262106086825507
0.345621509592002
0.3390110022578309
0.3327614736193616
0.32686485843021407
0.32130922193676836
0.3160845641390245
0.3111766892978421
0.30656366265960133
0.30223741897792206
0.29817989300642406
0.2943910847451075
0.29083679845483185
0.2875212298747376
0.2844140527729241
0.2815052671493913
0.27877680775775915
0.27622673984440765
0.2738166719310563
0.2715507997568452
0.26941492758263413
0.2673729249156628
0.2654328570023114
0.26357052810343945
0.26176787297266696
0.2600168263636137
0.2583073882762796
0.25663342821790464
0.2549768809421085
0.2533277464488913
0.2516779594918728
0.25002752007105317
0.2483744934328124
0.24670468383801014
0.24502228702578677
0.24332117250338206
0.24161747076355622
0.23989924705268942
0.2381784361244015
0.23645923371783287
0.23474357458660336
0.2330537197162335
0.2313816038603431
0.22974948800445272
0.22816737214856236
0.22664332153905212
0.22518959716144246
0.22382619901573347
0.22255732284106544
0.2214010338838185
0.22037152788313302
0.21947880483900906
0.21872706049058693
0.21813436008424678
0.21770683411274883
0.21745448257609307
0.21738343596703977
0.21749369428558896
0.21778332277812074
0.2182623214446351
0.21892069028513203
0.2197584292996115
0.2207655384880736
0.22194395260413816
0.22327560640142505
0.22474436938717401
0.22634830680776521
0.22805515767767812
0.22985685675053263
0.2317372735335685
0.23366834278040557
0.2356378035055234
0.23760759046254187
0.23957157315870067
0.24150555585485947
0.24338340805825806
0.245180934029756
0.24688006852297323
0.24846661579876936
0.24990444536438408
0.2511935572198175
0.2523116903795491
0.25324691008995887
0.25398502061190664
0.2545179566990121
0.25483571835127544
0.25494637081507676
