0.0
-0.00025000000000030553
-0.0011499999999999844
-0.002549999999999386
-0.004450000000000287
-0.00694999999999979
-0.00990000000000002
-0.01330000000000009
-0.01715
-0.021399999999999864
-0.025949999999999918
-0.030899999999999928
-0.036049999999999915
-0.041400000000000325
-0.046949999999999825
-0.052649999999999864
-0.05844999999999967
-0.06424999999999992
-0.07005000000000017
-0.0759000000000003
-0.08165000000000022
-0.08730000000000038
-0.0928
-0.09820000000000029
-0.10345000000000004
-0.10849999999999982
-0.11329999999999973
-0.11790000000000012
-0.12230000000000008
-0.12639999999999985
-0.13029999999999986
-0.1338999999999999
-0.13729999999999998
-0.14034999999999997
-0.1432500000000001
-0.14579999999999993
-0.14815
-0.15025
-0.15210000000000012
-0.15370000000000017
-0.15505000000000013
-0.15625
-0.1571499999999999
-0.15785000000000005
-0.15839999999999999
-0.15875000000000006
-0.15884999999999994
-0.15890000000000004
-0.15869999999999995
-0.1583500000000001
-0.15785000000000005
-0.1572
-0.15644999999999998
-0.15560000000000007
-0.15459999999999996
-0.1534500000000001
-0.1523
-0.15095499999999995
-0.14955500000000005
-0.148105
-0.14656500000000006
-0.14494999999999997
-0.14331499999999997
-0.141575
-0.13981
-0.13799
-0.13612999999999997
-0.13422499999999998
-0.13228999999999996
-0.13033
-0.12834
-0.126325
-0.12429500000000002
-0.12224999999999997
-0.12018500000000001
-0.11810999999999999
-0.11603
-0.11394000000000001
-0.111845
-0.10974999999999999
-0.10765
-0.10555500000000001
-0.10345500000000002
-0.10136
-0.09927000000000002
-0.097185
-0.095105
-0.09303
-0.09096499999999999
-0.088905
-0.08685000000000001
-0.08481
-0.08277499999999999
-0.08074999999999999
-0.078725
-0.07672000000000001
-0.07472000000000001
-0.072725
-0.07074
-0.068765
-0.0668
-0.06484000000000001
-0.06289
-0.060945
-0.059005
-0.057075000000000015
-0.055144999999999986
-0.05322500000000001
-0.05131000000000001
-0.0494
-0.047490000000000004
-0.04558999999999999
-0.04368999999999999
-0.04179000000000001
-0.039895
-0.038005
-0.03611
-0.034225000000000005
-0.032335
-0.03044999999999999
-0.028564999999999993
-0.026690000000000005
-0.024815000000000004
-0.022940000000000002
-0.021074999999999997
-0.01920999999999999
-0.017354999999999995
-0.01551000000000001
-0.013675000000000007
-0.01185
-0.010044999999999998
-0.008254999999999998
-0.006484999999999991
-0.004735000000000003
-0.003020000000000009
-0.0013299999999999979
0.00031499999999999584
0.00192500000000001
0.003485000000000002
0.0049949999999999994
0.006444999999999992
0.007834999999999995
0.009150000000000005
0.010389999999999996
0.01154999999999999
0.012624999999999997
0.013594999999999996
0.014469999999999997
0.015234999999999999
0.015895
0.016435000000000005
0.016855000000000002
0.017155000000000004
0.017325
0.017369999999999997
0.017295000000000005
0.017095000000000006
0.01677499999999999
0.01634
0.015794999999999997
0.015150000000000004
0.014414999999999997
0.013594999999999996
0.012699999999999996
0.011749999999999997
0.010755
0.009730000000000003
0.008684999999999998
0.007640000000000008
0.006614999999999996
0.005615000000000009
0.004655000000000006
0.0037549999999999945
0.002935000000000007
0.0021899999999999975
0.0015399999999999997
0.0010000000000000009
0.0005650000000000099
0.0002500000000000002
6.50000000000095e-05
0.0
