8.7863
8.7769
8.7491
8.7028
8.6387
8.5573
8.4594
8.3457
8.2173
8.0752
7.9206
7.7548
7.579
7.3944
7.2024
7.0042
6.8011
6.5943
6.3849
6.174
5.9626
5.7517
5.5421
5.3346
5.1298
4.9285
4.731
4.538
4.3496
4.1663
3.9883
3.8158
3.6489
3.4877
3.3324
3.1827
3.0389
2.9007
2.7682
2.6412
2.5196
2.4033
2.2922
2.1861
2.0848
1.9882
1.896
1.8083
1.7247
1.6451
1.5694
1.4974
1.4289
1.3637
1.3018
1.2429
1.187
1.1339
1.0834
1.0354
0.98985
0.94657
0.90547
0.86644
0.82936
0.79415
0.76071
0.72895
0.69878
0.67012
0.6429
0.61704
0.59248
0.56914
0.54697
0.5259
0.50588
0.48685
0.46877
0.45159
0.43526
0.41973
0.40498
0.39095
0.37761
0.36493
0.35288
0.34142
0.33052
0.32016
0.31031
0.30095
0.29204
0.28358
0.27553
0.26789
0.26062
0.25371
0.24715
0.24092
0.23499
0.22937
0.22403
0.21896
0.21415
0.20959
0.20527
0.20116
0.19728
0.1936
0.19011
0.18681
0.18369
0.18074
0.17795
0.17532
0.17284
0.17049
0.16828
0.1662
0.16424
0.16239
0.16065
0.15901
0.15746
0.15601
0.15464
0.15335
0.15214
0.15099
0.1499
0.14887
0.1479
0.14697
0.14608
0.14523
0.14441
0.14363
0.14287
0.14213
0.14141
0.14071
0.14003
0.13937
0.13872
0.13809
0.13749
0.13691
0.13635
0.13583
0.13535
0.13492
0.13455
0.13423
0.13399
0.13383
0.13375
0.13378
0.13391
0.13415
0.1345
0.13497
0.13556
0.13627
0.13708
0.138
0.139
0.14008
0.14121
0.14238
0.14357
0.14474
0.14589
0.14697
0.14796
0.14885
0.14961
0.15022
0.15067
0.15094
0.15104
