0.0
-0.00019999999999997797
-0.0008500000000002395
-0.0019000000000000128
-0.0034000000000000696
-0.005300000000000082
-0.007549999999999724
-0.010200000000000209
-0.013100000000000112
-0.01629999999999976
-0.01980000000000004
-0.023499999999999854
-0.027399999999999647
-0.03145000000000042
-0.03555000000000019
-0.03980000000000006
-0.04400000000000004
-0.048249999999999904
-0.0524
-0.05645000000000033
-0.06045000000000034
-0.06424999999999992
-0.06789999999999985
-0.07125000000000004
-0.07445000000000013
-0.07739999999999991
-0.08004999999999995
-0.08240000000000025
-0.08454999999999968
-0.08639999999999981
-0.08790000000000009
-0.08915000000000006
-0.09010000000000007
-0.0908500000000001
-0.09125000000000005
-0.09145000000000003
-0.09139999999999993
-0.09119999999999995
-0.0907
-0.09010000000000007
-0.08939999999999992
-0.08850000000000002
-0.08755000000000002
-0.08644999999999992
-0.08530000000000015
-0.08414999999999995
-0.08294999999999997
-0.08179999999999998
-0.0806
-0.07944999999999991
-0.07834999999999992
-0.07729999999999992
-0.07630000000000003
-0.07540000000000002
-0.07455
-0.07379999999999998
-0.07315000000000005
-0.0726
-0.07205000000000006
-0.07164999999999999
-0.07134000000000001
-0.07111499999999998
-0.07095999999999997
-0.07083500000000004
-0.07078000000000001
-0.07077999999999995
-0.07082000000000005
-0.07089000000000001
-0.07098500000000002
-0.07109500000000002
-0.07120500000000002
-0.07130999999999998
-0.071405
-0.07147500000000001
-0.07152000000000003
-0.07151999999999997
-0.07147999999999999
-0.07139500000000001
-0.07125000000000001
-0.07103999999999996
-0.070765
-0.07042500000000002
-0.07000500000000001
-0.06952
-0.06895500000000002
-0.06830999999999998
-0.06758999999999998
-0.06678500000000001
-0.06591
-0.06495500000000001
-0.06392500000000001
-0.06282000000000001
-0.061645000000000005
-0.060395000000000004
-0.05908000000000002
-0.0577
-0.056260000000000004
-0.05476499999999998
-0.053205
-0.05159999999999999
-0.049945
-0.048234999999999986
-0.04648999999999999
-0.044704999999999995
-0.042874999999999996
-0.041020000000000015
-0.039135
-0.037215
-0.03527999999999999
-0.03331500000000001
-0.03133499999999999
-0.029340000000000005
-0.027329999999999993
-0.02531499999999999
-0.023285000000000014
-0.02125500000000001
-0.019225000000000006
-0.017189999999999997
-0.015170000000000003
-0.013149999999999995
-0.011150000000000007
-0.009154999999999996
-0.007184999999999997
-0.005239999999999995
-0.0033149999999999985
-0.0014249999999999957
0.00043499999999999095
0.002255000000000007
0.004030000000000006
0.005754999999999996
0.007429999999999992
0.009049999999999989
0.010609999999999994
0.0121
0.01351999999999999
0.01486499999999999
0.016119999999999995
0.01730000000000001
0.018380000000000007
0.019375000000000003
0.020269999999999996
0.021059999999999995
0.02174999999999999
0.022324999999999998
0.022794999999999996
0.023150000000000004
0.023400000000000004
0.02352499999999999
0.02355
0.02345499999999999
0.023254999999999998
0.022940000000000002
0.02253000000000001
0.022014999999999993
0.021404999999999993
0.020710000000000006
0.019925
0.019065
0.018140000000000003
0.017155000000000004
0.016119999999999995
0.015039999999999998
0.013929999999999998
0.012804999999999997
0.011660000000000004
0.010520000000000002
0.009389999999999996
0.008279999999999996
0.007204999999999989
0.006169999999999995
0.00519
0.004269999999999996
0.0034249999999999975
0.0026550000000000046
0.0019699999999999995
0.0013799999999999923
0.0008900000000000019
0.0005050000000000054
0.00022500000000000298
6.0000000000004494e-05
0.0
