201198.28353878463
201198.28353878463
201198.28353878463
201198.28353878463
201198.28353878463
201198.28353878463
201198.28353878463
201198.28353878463
201198.28353878463
201198.28353878463
201198.28353878463
201198.28353878463
201198.28353878463
201198.28353878463
201198.28353878463
201198.28353878463
201198.28353878463
201198.28353878463
201198.28353878463
201198.28353878463
201198.28353878463
201198.28353878463
201198.28353878463
201198.28353878463
201198.28353878463
201198.28353878463
201198.28353878463
201198.28353878463
201198.28353878463
201198.28353878463
201198.28353878463
201198.28353878463
201198.28353878463
201198.28353878463
201198.28353878463
201198.28353878463
201198.28353878463
201198.28353878463
201198.28353878463
201198.28353878463
201198.28353878463
201198.28353878463
201198.28353878463
201198.28353878463
201198.28353878463
201198.28353878463
201198.28353878463
201198.28353878463
201198.28353878463
201198.28353878463
201198.28353878463
201198.28353878463
201198.28353878463
201198.28353878463
201198.28353878463
201198.28353878463
201198.28353878463
201198.28353878463
201198.28353878463
201198.28353878463
201198.28353878463
201198.28353878463
201198.28353878463
201198.28353878463
201198.28353878463
201198.28353878463
201198.28353878463
201198.28353878463
201198.28353878463
201198.28353878463
201198.28353878463
201198.28353878463
201198.28353878463
201198.28353878463
201198.28353878463
201198.28353878463
201198.28353878463
201198.28353878463
201198.28353878463
201198.28353878463
201198.28353878463
201198.28353878463
201198.28353878463
201198.28353878463
201198.28353878463
201198.28353878463
201198.28353878463
201198.28353878463
201198.28353878463
201198.28353878463
201198.28353878463
