272022.8378312831
266901.0713754092
261698.58759548442
256431.55157778852
251116.19499666427
245768.67401897916
240404.88948025307
235040.3395877509
229689.98757679705
224368.13657444643
219088.30596432422
213863.14077513557
208704.3384055216
203622.60575449737
198627.59287886403
193727.86899894883
188930.94585968228
184243.25786584086
179670.1931094736
175216.12599511203
170884.47463349754
166677.7476712075
162597.6202286528
158644.95898240551
154819.94179368013
151122.0899866977
147550.37874124967
144103.27880060303
140778.84048504222
137574.73922328054
134488.3671623846
131516.8615474141
128657.1719558262
125906.11476321763
123260.41580330943
120716.73166850067
118271.67531393695
115921.87922585549
113664.00879035582
111494.77719476583
109410.94012873493
107409.34539646893
105486.93489103948
103640.72429014697
101867.83770987875
100165.52634373315
98531.14345268116
96962.14092169235
95456.08432665464
94010.6488772093
92623.61073286874
91292.86181905532
90016.39051291649
88792.28757065478
87618.74523559657
86494.05132865757
85416.58229011709
84384.7908945342
83397.21611579668
82452.48493522285
81549.28437072442
80686.3657925496
79862.55790688728
79076.75049866668
78327.8967408577
77615.00371563598
76937.12878288221
76293.38416228224
75682.92784067355
75104.96621390387
74558.75045476414
74043.56851455971
73558.75337781748
73103.67381221446
72677.73668816964
72280.38994638306
71911.10923671663
71569.40743266238
71254.83224317242
70966.96732899974
70705.42896302509
70469.86316712771
70259.95072235403
70075.40627165328
69915.97803726062
69781.44948011661
69671.63491211209
69586.37903603284
69525.56344231089
69489.10993151266
69476.95090813565
