4.7909832988204775
4.7909832988204775
17.571265607956686
43.47028114877101
73.87800610692003
120.99903550938978
169.16829787125744
237.7194361598197
303.86351815880846
394.14949721124356
478.5644738561672
590.9929828362226
694.0633595514306
805.7666212313732
951.3607617336916
1082.4571500570557
1251.695134621748
1402.8365070040122
1596.5836792314196
1768.567154436135
1950.3339127625463
2181.6788514853565
2385.7716989289943
2644.650343949822
2872.3696699855004
3111.3330453226577
3413.435424259053
3678.436355080314
3955.938052969387
4306.099359320159
4612.796976503078
4933.62380871555
5269.173107153449
5692.163913803536
6062.401991419594
6449.550739985026
6854.386441912988
7277.730293416588
7811.3955553286305
8278.56863795419
8767.180239760193
9278.243499322809
9812.81974619432
10372.022037766608
10957.017273108697
11569.032201904607
12340.942470622362
13017.058996034048
13724.608601584641
14459.345071009362
15213.525306269135
15987.726603641173
16782.572490300397
17598.73954391085
18607.324621525808
19473.081317156655
20543.639679405947
21463.289184580764
22601.479010587438
23779.325866782074
24999.02572926008
26049.136193015787
27351.941262024084
28703.941857588645
30108.154767001986
31567.83379646211
33086.4809450004
34667.856071472575
36597.45974026386
38328.92819749263
40136.83964838805
42026.13352014982
44340.181224426284
46424.203282096365
48981.137293503736
51287.51567081128
54121.1791642727
56680.090930568425
59826.58882682996
62669.164902293625
66163.94238875946
69318.4893267151
73189.81090167772
77269.4011261866
80930.36006258945
85385.59741689167
90025.12277999362
94134.96969262116
99072.98422079494
104163.11999744772
109410.94012873493
