3.910709933149172
3.910709933149172
14.342618333215132
35.48221212308944
60.30108393053891
98.75986484740385
138.07279405586203
194.01847055536683
247.99873292116771
321.68120174030014
390.5738191945739
482.3337731827219
566.4637697371445
657.6513027342717
776.5272137793227
883.591053698955
1021.8448655059865
1145.3580480293754
1303.7528253190912
1444.4186660177184
1593.1534637511331
1782.55672312972
1949.74055748626
2161.9216105514465
2348.667414247026
2544.729024676438
2792.7156307116225
3010.34067221815
3238.305978109776
3526.0387205054185
3778.0992650166168
4041.7864004343783
4317.562751929357
4665.149271861167
4969.305922800572
5287.249999311967
5619.586992336994
5966.961565440509
6404.62966716722
6787.564794430085
7187.893156607191
7606.454050672146
8044.1428582984545
8501.915267590393
8980.794357091869
9481.875465515948
10114.141329356386
10668.332372753448
11248.81613334363
11852.310457546686
12472.65589710723
13110.523122186449
13766.626656594632
14441.728008151713
15278.075031598091
15997.911940732014
16890.581108000268
17659.715935478496
18614.602447532365
19606.242585086184
20636.840863541092
21527.153295314485
22635.535299309242
23790.195655390336
24994.150284350966
26250.67313474988
27563.31892821672
28935.94916843734
30618.78094378554
32136.257850731887
33728.297667125815
35400.37088993008
37460.24165435645
39326.82770295818
41632.32877657329
43726.93593570915
46320.7481474817
48683.20186186166
51615.67559984875
54292.3769376063
57621.01138001927
60663.34549389702
64448.646495966335
68502.16916578007
72197.8523336904
76768.88723320494
81607.45330307748
85945.28150190851
91190.47072657886
96603.36566289625
102179.30275854016
