0.26850931781696874
0.26850931781696874
0.2685246169480799
0.26855597774054435
0.26859251974329157
0.26865020411491314
0.2687103031704878
0.2687973502716605
0.26888292423191096
0.26900209075864695
0.2691160511870124
0.26927150692426705
0.26941777520351834
0.2695802512195343
0.26979828661109617
0.27000065195576756
0.27027011063417555
0.27051853488166583
0.270847522143169
0.27114926344147466
0.27147783557532984
0.27190986426947966
0.272303434658126
0.27281861783239475
0.2732859080854552
0.27378969646729384
0.2744449868259389
0.2750355808227805
0.2756685907814064
0.27648671475471037
0.2772193277772022
0.2779999781017079
0.2788303078987623
0.2798944448974607
0.28083941905108195
0.28183878481961744
0.2828938614428698
0.28400590034766426
0.28541719607797067
0.2866586611123188
0.2879607157324506
0.28932443886044545
0.29075092606253156
0.2922412937077594
0.29379676290456025
0.29541863692567455
0.297454602286035
0.29922796493050247
0.3010731281953535
0.3029773043219428
0.3049191674522471
0.3068993272837561
0.30891867034105536
0.31097833261483443
0.3135051135137574
0.31565869965159293
0.318303360321573
0.32056006633227907
0.32333502346422416
0.326187220296891
0.3291215058464577
0.3316332260570135
0.3347318568861692
0.3379283169901394
0.3412288116770337
0.3446398750618386
0.34816836400332307
0.3518214678166153
0.3562509570657955
0.3602002899027223
0.3642991815023364
0.36855627780717576
0.37373487846716813
0.3783661653245342
0.3840076185395901
0.38905906892209996
0.39521898910152337
0.40073979601934484
0.40747691495111593
0.41351770262395
0.42088989412723143
0.42749729537189113
0.4355514674469537
0.4439812679588889
0.45150091834837447
0.4605967562444573
0.46999682804606785
0.47824244716279285
0.48800763143762976
0.4978777739805724
0.50779069