0
0.0
0.000958811146
0.00351635641
0.00869857626
0.0147819396
0.0242067673
0.0338385337
0.047541061
0.0607572198
0.0787888688
0.0956392656
0.11806844
0.138617412
0.160872932
0.189857587
0.215932903
0.2495611
0.27956013
0.317967376
0.35201243
0.387942395
0.433590844
0.473781267
0.524644083
0.569270645
0.615978673
0.674838468
0.726285793
0.779966683
0.847408365
0.906198127
0.967406759
1.03110011
1.11091098
1.18032386
1.25246222
1.32741192
1.40526454
1.50265768
1.58725039
1.67508328
1.76627764
1.86096345
1.95928023
2.06137788
2.16741769
2.30011478
2.4154586
2.53535122
2.6590398
2.78521225
2.91397037
3.04542237
3.17968337
3.34467776
3.48556202
3.65890196
3.80709688
3.98967166
4.1777108
4.37155151
4.53778265
4.7432452
4.95565423
5.17549592
5.40330938
5.63969455
5.88532178
6.18457648
6.45293722
6.73327321
7.02670335
7.38731092
7.71378154
8.11742479
8.48532315
8.94367108
9.36504368
9.89525887
10.3883035
11.0171357
11.6112525
12.3838238
13.2648811
14.1328667
15.3250686
16.7977122
18.4104805
21.0343758
