0.2516247
0.2516247
0.25164461
0.25168295
0.25172763
0.25179704
0.25186779
0.25196839
0.25206529
0.2521975
0.25232136
0.25248672
0.25263888
0.25280461
0.25302221
0.25322007
0.25347857
0.25371284
0.25401848
0.25429533
0.25459406
0.25498412
0.25533791
0.25580035
0.25622026
0.25667442
0.25726861
0.25780828
0.25839163
0.25915361
0.25984388
0.26058765
0.26138782
0.26242636
0.26336011
0.26435842
0.2654233
0.26655648
0.26800836
0.26929617
0.27065547
0.27208656
0.27358944
0.27516384
0.27680928
0.27852518
0.28067637
0.28254515
0.28448269
0.28647327
0.28849273
0.2905403
0.2926158
0.29471966
0.29728319
0.29945378
0.30210298
0.30435097
0.30710183
0.30991694
0.31280361
0.31526962
0.31830886
0.32144424
0.32468566
0.32804367
0.33152945
0.33515487
0.33957779
0.34354993
0.34770446
0.352057
0.35740799
0.36225011
0.36822672
0.37365735
0.38039031
0.38653798
0.39420163
0.40124259
0.41008404
0.41827725
0.42867449
0.4401485
0.45102924
0.46526357
0.48169464
0.49824896
0.52213988
0.55602507
