0.26850931783401294
0.26850931783401294
0.26852461720994114
0.2685559793373541
0.2685925243571088
0.2686502166929909
0.2687103281402105
0.2687974004803974
0.2688830075629501
0.26900223376849314
0.26911626585269943
0.26927184195645737
0.26941824697500166
0.26958090111052785
0.269799218185704
0.2700018878648925
0.270271814415344
0.2705207321377963
0.27085046251438466
0.2711529731843687
0.2714824764883755
0.27191587425681407
0.27231083176738013
0.2728280274344323
0.2732973319391226
0.27380348882392647
0.2744621592811237
0.27505608409669946
0.2756929579405869
0.27651651834119134
0.2772544165314662
0.278041126005497
0.2788783788624528
0.27995210133532317
0.28090625318298085
0.2819160015318
0.28298279104892116
0.28410800879101855
0.28553726135882895
0.286795663786517
0.2881166354075518
0.28950144556275365
0.2909513977006289
0.2924678354433742
0.2940522306611642
0.2957061630180157
0.29778516773860003
0.29959861114439423
0.3014881040513125
0.3034409075703141
0.30543545607097894
0.3074726529814009
0.3095537118093151
0.3116801320311485
0.3142942509997693
0.31652717805026603
0.31927568634770304
0.32162680982534414
0.3245254942652618
0.32751399726899916
0.33059861230459114
0.33324750248996576
0.33652662013461154
0.33992289157012084
0.34344492901735635
0.34710202768243487
0.35090421925107573
0.3548623553635935
0.35969300147939176
0.36403070404722176
0.36856524005565633
0.3733121728297991
0.3791417050136329
0.38441027587555154
0.3909045229821078
0.3967972964285126
0.4040927775823584
0.4107446595400114
0.41902526698159365
0.4266225510388605
0.43614952079730557
0.4449659162037328
0.4561384283136257
0.4684488195879775
0.48010507586047746
0.49532910471537855
0.5128690603854719
0.5305060023871666
0.5559025021842574
0.5918217234596347
