-10852557356.845823
-10938042716.829008
-10980540602.048597
-10979751775.916723
-10932521482.896652
-10842060087.99776
-10709001152.196878
-10531156021.481026
-10311116631.009007
-10050285026.85449
-9744181962.701305
-9399941304.564665
-9011371724.429775
-8582955130.063641
-8116296607.138734
-7611381163.702751
-7068245043.399232
-6490184502.091815
-5874564491.460529
-5224392066.448267
-4540868033.126168
-3826292044.5304594
-3080091985.8492684
-2304254235.059092
-1500625783.9698665
-672355572.1476325
182664426.90133536
1059828503.6529905
1954539299.298886
2869855377.6745234
3802011705.241564
4746981959.566672
5705528191.553721
6673211092.534985
7648522516.654085
8631079922.835907
9615443385.897354
10601549815.041597
11586923153.197332
12567262998.38723
13542740621.440317
14511068539.387003
15467853440.368498
16415663949.57443
17349050112.721523
18265340636.67652
19166917262.608807
20050553874.712498
20913448738.552574
21756900457.454357
22574755166.653843
23370993513.14643
24146136712.68712
24894823274.61751
25617795649.4432
26313780411.54955
26984525144.21697
27629529808.876026
28245603856.67628
28832075985.00908
29394756100.82913
29934276174.206223
30445869815.663902
30933305328.88127
31394704493.331993
31833797354.004616
32251318953.700928
32643415763.704666
33014717102.336952
33367977477.109573
33702797260.249718
34020558259.00876
34316993352.30093
34602149004.4929
34876093149.098885
35134267927.0176
35387414036.45984
35630073773.90926
35861504105.798515
36087667772.890076
36310747041.37908
36529164094.81752
36743375196.99867
36955434109.19745
37165262715.314995
37375945624.05073
37585563262.89297
37794040270.37128
37996566610.74651
38207940121.004425
38414112659.851776
38619730802.45586
38828017391.7832
39030070943.198326
39231005816.73687
39426205169.08908
39616823600.94569
39804393350.718094
39984223246.87014
40156939492.35804
40321590953.6848
40476930173.4933
40624477626.204575
40761603726.39364
40884293859.74928
40997094201.54534
41096658488.05672
41183744798.37432
41255687805.88846
41313635554.6003
41356468958.32962
41387514069.95509
41403315601.98855
41405606172.357445
41394143393.521286
41370707329.56764
41335202303.68414
41287895349.50272
41230300532.27049
41164362400.50479
41086964233.55718
40999999092.643394
40909091032.61137
40810875388.399155
40706894465.91387
40598341680.90807
40486576274.5849
40373597446.980125
40258948462.79297
40142399418.025345
40026529002.37694
39913604256.063774
39800057122.86668
39689995043.85347
39585383775.90831
39484119097.74674
39386972025.84476
39293412386.633224
39206117956.28186
39126386475.52272
39049812287.76398
38980463378.24978
38921983960.249245
38868210267.60313
38821056561.69618
38783148742.25625
38752446926.117805
38729042020.75217
38712413736.92082
38702888567.83823
38703615382.703995
38710245858.24137
38723490029.01095
38744924471.02498
38774567169.34888
38809032928.064545
38849707379.481094
38896320445.48167
38948778254.572655
39006739479.27114
39068469523.82859
39135773428.41564
39207959393.11403
39282087036.14081
39358588738.4402
39438439815.0858
39519663498.58378
39600701190.8988
39681549798.583435
39762831358.08732
39843116262.04867
39920788894.74431
39995004183.47611
40066132545.569336
40132938160.82492
40193816810.437744
40248183036.29471
40295645946.94003
40337583217.67148
40369580093.402794
40393670018.9
40407430404.62952
40410742960.59437
40403542050.81824
40385117052.19788
40356193817.49472
40315244783.743744
40263588340.83401
40199056186.39768
40121268879.1045
40031242437.821396
39928871215.76357
39816540037.0084
39692283021.50822
39555584618.42288
39409353515.02302
39252750263.10853
39085420934.4848
38909771437.40484
38725623566.06369
38535320143.75617
38338255989.195
38134043854.9431
37926419250.1072
37715673891.032646
37500795056.324875
37285532969.13751
37070663359.28311
36855996866.09286
36645784156.59955
36437111680.45635
36232447166.872055
36035237216.42675
35845103673.34241
35663742434.459
35491715231.94193
35329687766.04793
35180673299.38922
35045000488.06005
34922005205.49186
34811681099.03515
34717795333.837555
34640952107.69126
34581358787.47487
34537073632.6971
34510296508.70846
34502739203.63326
34511673431.207275
34538726561.698
34583986374.24764
34646938920.8413
34726468454.19729
34824115499.03316
34936492964.00266
35065810106.313835
35209551890.01745
35367578108.56963
35540341625.71551
35724073424.85414
35919094739.44659
36122233735.90085
36334699029.36785
36554231297.87986
36780551108.85887
37010302231.605515
37244137053.58947
37480443492.76137
37715991459.95462
37949895041.24906
38180660892.19468
38406213291.38685
38627664204.97823
38842265250.03845
39047554175.202515
39243578313.87332
39426935823.88468
39600222869.2023
39759973830.10453
39902996526.73562
40031184550.682755
40145721252.72714
40241573364.03148
40316319326.55544
40374121705.96278
40413511573.4534
40433155502.7483
40430033552.08259
40404968851.62042
40362990459.480774
40300747250.562294
40213670625.971954
40105983357.44798
39977384121.489914
39830044532.103264
39660509779.71227
39470350919.952415
39260721667.49837
39032821548.04254
38782378993.635704
38513710871.6943
38226662343.13373
37920870112.95031
37599271994.70062
37260812697.88826
36903035960.45213
36528490716.62583
36137754866.882416
35731294427.113815
35310356833.440506
34873010798.032295
34422529924.60288
33960584733.260662
33481685306.526947
32990150504.046017
32486063063.236977
31968960284.594204
31438266722.10848
30894501206.788948
30338462408.039673
29774751854.66095
29199031422.41357
28603897162.689312
27994367605.20148
27394972407.5501
26766992749.124355
26134517272.68841
25499506946.492916
24850294302.43522
24186453080.38336
23512516042.80556
22834945646.03105
22145451593.727257
21440884330.342342
20728710603.504345
20011760374.559544
19282404791.507957
18539037561.964893
17779248802.83652
17029997143.06583
16260433105.406618
15479904051.898159
14705543246.59441
13909680808.346565
13104400756.529833
12290955925.383152
11468549117.76054
10644696746.046307
9814361586.065731
8975102478.256199
8131134162.956103
7287593515.596215
6440465146.38025
5590887766.909855
4743598297.231305
3900376486.176063
3063090351.289459
2227998033.000485
1399087454.2177503
589457266.784489
-216752293.32604536
-1007539638.3732339
-1778918199.8281724
-2532632404.0453176
-3269097989.157834
-3980706412.112628
-4666665122.484269
-5326983373.546923
-5957594170.198274
-6558676387.061551
-7126536069.838683
-7659161060.30075
-8158213811.111339
-8621253695.709286
-9042039692.157578
-9427582918.227205
-9772641093.087751
-10071564786.154696
-10329840270.391676
-10546408092.759007
-10719685588.19703
-10852557356.845787
