3871350913562.406
3870674516158.5234
3870097336455.4766
3869464585240.1436
3868866248820.1055
3868296229029.8213
3867829944295.231
3867363648656.545
3867004979727.1313
3866747390598.7314
3866570351165.4478
3866546030645.0176
3866595530619.497
3866803933868.3706
3867124099533.95
3867512099081.0327
3868100925090.028
3868813869991.2583
3869593480274.118
3870506391885.9814
3871517634656.7285
3872597116212.8286
3873792270607.9834
3874988658674.001
3876223590687.928
3877517389876.1772
3878759240074.329
3879935364647.4736
3881058174872.358
3882082450975.304
3882926509158.9243
3883626781849.985
3884110377130.094
3884320158000.1377
3884234050715.6685
3883809436941.7334
3883029374380.052
3881778726131.784
3880110467367.613
3878011168102.3438
3875257350366.0293
3872027769380.2266
3868172343811.3833
3863751348411.722
3858593543511.8765
3852877487023.282
3846474432345.328
3839317301216.2856
3831549287614.8384
3823011001082.4507
3813854553834.465
3803937079697.313
3793369397847.533
3782179571754.039
3770347839901.8916
3757842558831.0234
3744772446691.453
3731145010342.124
3716977716771.3657
3702287911975.881
3687095663157.197
3671521166021.4653
3655497364429.557
3639085775655.5796
3622364005000.3594
3605352194945.839
3588014332266.8926
3570474562471.669
3552740715805.4443
3534787607209.3516
3516712282466.313
3498488459154.7896
3480188606540.4736
3461785555423.797
3443350001682.561
3424894767388.943
3406396901031.0347
3387907268014.6514
3369483204523.798
3351075749579.713
3332694587351.5493
3314391505830.1416
3296177113893.489
3278054683501.806
3260022354510.901
3242085194068.878
3224333297028.5264
3206675835158.223
3189132075030.2065
3171751680522.7217
3154561248672.5503
3137489534490.928
3120604889773.057
3103901102713.231
3087373340800.776
3071016321992.307
3054845513110.6187
3038897625662.083
3023126748528.5654
3007551694354.282
2992183469270.174
2977003228852.712
2962031504955.653
2947266873324.828
2932711472157.469
2918344608679.3984
2904200145175.761
2890269124317.7114
2876564730562.477
2863038137231.5366
2849747598110.4326
2836673020724.612
2823837754685.5186
2811184341434.0273
2798791206412.4634
2786666288642.5625
2774721771882.9707
2763047617019.9756
2751643442817.231
2740470010709.358
2729541479386.3267
2718870997359.8096
2708502582128.658
2698404507831.289
2688552991211.7524
2678997957656.5605
2669735357883.32
2660784839390.84
2652076536111.912
2643677859983.918
2635602451115.9414
2627776663198.9688
2620282423446.976
2613070156979.1533
2606151425959.03
2599553946296.265
2593202127530.669
2587172164288.282
2581418136599.2876
2575974054360.5205
2570761515704.9976
2565801839563.715
2561166957716.108
2556729567624.773
2552574899095.058
2548610992010.756
2544933016865.524
2541414294646.7554
2538105293822.588
2535016941809.7036
2532080514215.1562
2529326900641.43
2526706101448.967
2524244175316.388
2521935507436.149
2519704402419.4365
2517627316429.2944
2515628733719.1294
2513758409755.389
2511955353842.1323
2510280421183.001
2508662271293.4214
2507178370597.236
2505743780117.842
2504417526376.397
2503201382495.8047
2502104224133.6245
2501107748817.7544
2500254714946.778
2499575218267.895
2499005694572.4053
2498660931278.436
2498452639657.226
2498531252577.0605
2498796542621.2563
2499353740613.0957
2500115258100.6284
2501243067855.3716
2502657160835.209
2504397060408.6216
2506489349258.4414
2508936974405.554
2511819229880.8164
2515059035291.791
2518747064168.5063
2522786941710.478
2527400730020.4814
2532370748895.496
2537887524123.5786
2543766499699.4146
2550262268292.2754
2557159726638.4053
2564560186042.786
2572425078932.046
2580819676778.337
2589690154499.026
2598993229136.1797
2608836220591.631
2619102165436.1455
2629899115343.7236
2641053826201.7627
2652681333106.315
2664738230806.2627
2677110617729.625
2689922793380.1826
2703073336764.3716
2716560874856.0293
2730269336455.0664
2744298007339.8657
2758584449322.353
2772925445393.131
2787562076758.9644
2802280374447.296
2816984361841.8145
2831845169853.367
2846561206253.997
2861241718182.531
2875841303609.028
2890283416214.825
2904413652175.702
2918325209205.186
2931944515584.3657
2945186500577.313
2957914125306.2163
2970286837258.2876
2982160393147.619
2993450830027.1577
3004122379916.8237
3014178959065.337
3023684573107.59
3032485602708.885
3040627979942.372
3048053392120.1655
3054789715348.7007
3060822176656.2017
3066195066285.502
3070893252458.652
3074928709034.261
3078387017367.3823
3081234968440.573
3083505438270.52
3085251295041.741
3086527876624.4756
3087359834299.9546
3087815698745.805
3087890554854.8325
3087686277192.9434
3087196079652.203
3086541361214.77
3085635414067.3457
3084685662671.7256
3083637361141.9844
3082635792222.3584
3081639680615.318
3080585224250.6313
3079750970965.692
3079051937852.554
3078491695892.63
3078167773694.512
3078009515990.63
3078203994489.108
3078727983497.2476
3079471246612.068
3080614107746.6367
3082142427566.094
3084015936667.738
3086337420090.392
3089026181295.2095
3092168476973.438
3095863451748.1426
3099905433135.596
3104385663170.2314
3109510501858.556
3114970842700.444
3120997598155.8433
3127469603813.4917
3134472382550.6797
3142005488408.295
3149926114767.8237
3158436393450.9556
3167410827374.773
3176908406056.256
3186808062382.9434
3197165837101.078
3208052423977.827
3219287567758.749
3231032852170.796
3243058888948.15
3255618992687.653
3268435743594.497
3281664589069.194
3295181940381.167
3308954473961.9526
3323054083912.971
3337365290786.859
3351889498213.69
3366564855637.554
3381424019457.1133
3396395998378.2744
3411457182426.255
3426519180652.087
3441686121917.1016
3456810603502.448
3471879367476.3843
3486888296681.5815
3501795467428.615
3516628392726.418
3531226628851.5874
3545734293006.4766
3559959068719.4375
3574053701775.042
3587861508183.381
3601437917068.873
3614724168559.1025
3627762647823.05
3640507900006.184
3652986841885.637
3665035144023.976
3676917403173.6353
3688431193039.1724
3699583903576.23
3710422243391.9346
3720952180876.485
3731160580029.9214
3740998118917.082
3750501408084.896
3759641979751.807
3768446842037.944
3776883347509.2373
3785030034961.151
3792789044406.897
3800172990403.328
3807224451829.849
3813875945391.523
3820147220659.5415
3826071969185.5293
3831596920468.3447
3836808279109.3647
3841620488216.2446
3846089494354.8975
3850131191045.918
3853839493460.2764
3857171305577.756
3860170333898.6294
3862842507438.2437
3865154485640.3535
3867149402412.578
3868839168947.7075
3870283430731.47
3871393701525.495
3872253078301.7383
3872926024339.4
3873336026055.6787
3873558214155.1587
3873605893824.78
3873482450054.92
3873255006493.2026
3872852461767.8267
3872455449003.3477
3871870782151.575
3871350913562.4067
