8455394619797.657
8454773103029.594
8453432169367.154
8451483301373.824
8448928373998.324
8445658368376.303
8441746536729.329
8437162452756.123
8431899566402.793
8425932896136.131
8419274363306.465
8411904984422.632
8403814254413.669
8394996722831.648
8385433356463.518
8375123531332.746
8364043394021.345
8352235085904.28
8339618861559.893
8326314089161.259
8312169571022.962
8297312519493.423
8281656834512.55
8265294419875.032
8248163321627.215
8230325275938.925
8211819740279.272
8192553700791.68
8172717681033.315
8152231969362.027
8131089141725.035
8109440730379.904
8087232497539.121
8064507449931.469
8041337438060.451
8017757144711.454
7993748799203.966
7969449014781.509
7944766914727.835
7919863025328.579
7894650938110.521
7869267893102.726
7843697547444.343
7817969640174.488
7792091845059.413
7766151063249.867
7740087957007.951
7714011681765.036
7687796194947.904
7661557937680.176
7635322755271.181
7609076691961.852
7582722678617.463
7556405343838.225
7530058925225.2705
7503652017031.768
7477250522669.24
7450813449632.586
7424276354521.04
7397720055633.861
7371173018657.858
7344463382918.17
7317696450596.037
7290867933531.413
7263964869169.563
7236909748100.579
7209728030663.016
7182513635280.563
7155113395050.401
7127620099382.971
7099902266453.375
7072130523165.689
7044182538521.281
7016010770120.36
6987730001014.15
6959313835316.568
6930630318804.718
6901819268564.609
6872834331042.777
6843698435752.976
6814320498674.53
6784752776973.012
6755035678385.048
6725172618967.124
6695142400745.537
6664902392470.542
6634504572830.585
6604023139434.117
6573380125028.724
6542596715956.695
6511751492062.667
6480782280234.027
6449828332821.577
6418725108491.303
6387646083842.907
6356573971295.699
6325552422045.377
6294577581077.594
6263685364893.827
6232890799664.425
6202306284517.144
6171887274028.419
6141638380095.928
6111606806543.678
6081937310522.998
6052514884084.204
6023426493594.482
5994666729263.3
5966321727653.066
5938350287699.99
5910803575291.297
5883753099507.944
5857124486232.479
5830959186951.708
5805325059452.381
5780190413159.985
5755533479692.992
5731457819617.986
5707844163502.316
5684778721642.808
5662260033625.755
5640209140735.444
5618712442474.064
5597720363066.375
5577240605487.655
5557222221906.011
5537687810233.899
5518624538052.764
5500034361406.292
5481864366930.626
5464132178942.291
5446793841662.953
5429875458290.939
5413313834836.692
5397142103771.921
5381315404481.617
5365826722003.546
5350672879520.436
5335787763363.751
5321239780238.227
5306966101573.227
5292993316244.187
5279235986751.197
5265775041671.34
5252565449045.695
5239581974257.283
5226819305430.408
5214320254691.213
5202028610308.266
5189950094337.499
5178095944981.969
5166456007026.195
5155045912183.219
5143831477818.49
5132831615871.933
5122072719790.936
5111518912897.11
5101175056709.058
5091066190556.26
5081190065285.186
5071559930472.208
5062174777684.981
5053026775426.63
5044156991105.54
5035542295824.993
5027208377849.834
5019156364320.56
5011409211049.631
5003980146107.581
4996855419425.43
4990068725053.596
4983630880385.562
4977557012905.591
4971840600731.645
4966492430149.152
4961564092944.819
4957028557348.972
4952883561326.308
4949216234236.605
4945937235759.966
4943115716808.669
4940752802067.421
4938863135941.33
4937409880313.5
4936447028670.222
4935967063230.393
4935961459832.699
4936428645750.631
4937413057408.587
4938848866282.041
4940790826946.401
4943206761546.375
4946110027683.508
4949495242902.8955
4953330035065.92
4957661146623.411
4962413936568.835
4967641560459.255
4973311995615.572
4979390296335.622
4985918595310.571
4992846911114.545
5000172807171.448
5007906690980.737
5016003523889.934
5024490825422.872
5033284081001.542
5042484992974.44
5051990185978.629
5061800896271.065
5071967135159.562
5082428904280.956
5093185020601.396
5104220595157.704
5115561440280.791
5127152769287.186
5139076452953.161
5151193000628.762
5163635224100.416
5176290343040.098
5189259142941.042
5202471150028.4
5215927656962.277
5229696819402.394
5243714723806.581
5258007991236.56
5272591779630.42
5287431292034.584
5302593346986.077
5318039389113.648
5333784101004.788
5349821893088.204
5366175661032.434
5382882912654.472
5399899597341.357
5417217559602.195
5434885463442.205
5452888907572.681
5471262552258.913
5489934419474.001
5509015390638.901
5528432437444.706
5548203507274.382
5568314135822.566
5588815282913.312
5609698505142.001
5630890572401.369
5652513609866.125
5674475532978.511
5696870221455.235
5719570057870.597
5742698126342.871
5766156247490.052
5790056075839.014
5814354695497.767
5838990768320.015
5864059420127.508
5889509532707.064
5915433503170.337
5941731372052.383
5968466994739.577
5995607623393.855
6023228094521.257
6051287791059.499
6079773691993.333
6108717218788.598
6138180278088.803
6168083010030.136
6198453133632.959
6229302842876.367
6260724315297.13
6292578181787.18
6324950035654.361
6357751826137.494
6391212219780.82
6425073527890.408
6459442013297.081
6494300390418.5
6529696923446.483
6565565972201.737
6601822457246.683
6638619005057.079
6675831708198.511
6713440537913.332
6751518805092.951
6789871149063.467
6828606775632.535
6867704716654.826
6907002537849.607
6946575892194.716
6986327701565.573
7026241847755.345
7066265761576.981
7106311378055.701
7146408345456.364
7186408323988.269
7226341264386.293
7266050094896.666
7305621624891.41
7344845431598.64
7383735123345.778
7422213863517.463
7460310847758.597
7497847620632.995
7534781707126.2705
7571137088914.003
7606912534783.32
7641880097370.546
7676055446262.176
7709571330004.099
7742163096031.868
7773960016535.838
7804908507920.704
7834998516557.679
7864157278695.883
7892351155701.774
7919717623015.892
7946228401410.061
7971701228646.799
7996345326817.469
8020136306979.77
8043083541977.632
8065151364677.356
8086401155959.211
8106913843523.112
8126632960689.939
8145602400425.438
8163892317190.835
8181442457357.155
8198437866549.175
8214694397973.056
8230417533079.206
8245484156782.404
8260040457048.569
8274027829382.098
8287501804224.932
8300436162287.832
8312834279555.998
8324755091259.943
8336215889142.111
8347129647255.643
8357599680889.543
8367537071126.359
8376987291046.945
8385955843389.088
8394416211157.173
8402300572503.506
8409753523242.337
8416701229049.582
8423036450257.6
8428839755880.269
8434131386245.673
8438837398503.6045
8442978011119.881
8446530159284.058
8449501234964.353
8451908500126.344
8453686260121.571
8454913739066.916
8455453047455.224
8455394619797.658
