4109886432104.6006
4109429360321.8154
4109001023425.7017
4108491187845.5547
4107967486918.367
4107419752431.5566
4106906749180.9756
4106348166800.4004
4105821618163.125
4105331647722.405
4104854239953.3413
4104433983206.4185
4104028153997.931
4103686188001.6294
4103376563450.1772
4103061617708.6577
4102842281518.001
4102656777110.5435
4102457452382.773
4102304969006.0444
4102154820500.088
4101996003378.0547
4101847406057.4155
4101638338882.274
4101389442153.239
4101107195416.933
4100717036195.6826
4100207786945.3228
4099594126283.2847
4098832537451.6973
4097869313736.044
4096739662679.675
4095389928126.1724
4093777665482.4253
4091894707588.5566
4089719972213.851
4087238175689.1646
4084373038825.0176
4081175107557.9087
4077637355101.8896
4073607148321.169
4069211419144.0615
4064355810171.5576
4059084555191.261
4053295637107.358
4047101167026.331
4040417520973.1494
4033220235721.363
4025587335458.9775
4017420993070.7534
4008835640603.971
3999723764074.9546
3990167843913.801
3980182941687.914
3969747259064.4507
3958851913585.6113
3947566098463.6157
3935892393898.101
3923847243133.149
3911421820275.0405
3898644108388.0557
3885591837883.0166
3872206342250.2563
3858542153564.3804
3844646207164.223
3830524291656.543
3816155327980.4507
3801624667984.3276
3786937254412.041
3772078327497.6655
3757105956234.78
3742011598668.3203
3726851709040.6006
3711594523774.2725
3696296646432.444
3680975434508.8325
3665611876295.7344
3650245450676.9067
3634913422226.157
3619596741082.488
3604299911780.8276
3589053828970.454
3573874922645.7026
3558765677203.617
3543729327540.6284
3528769863274.458
3513949216018.0117
3499209426195.2334
3484563025193.2134
3470045424236.8594
3455670986620.825
3441395801653.339
3427272313181.2427
3413285319785.589
3399432925187.868
3385718387874.6963
3372144871070.5176
3358745693754.0405
3345485899901.6377
3332368701245.25
3319418892755.4087
3306612594290.1826
3293968774814.1
3281490892895.3306
3269170813269.9062
3256999939223.911
3245004282420.8096
3233176251805.76
3221530561572.792
3210030563261.881
3198715907916.636
3187580405621.1895
3176639524262.6953
3165848711940.3223
3155266967682.8516
3144904416136.1724
3134696642636.482
3124707552411.1978
3114945044882.89
3105369092914.088
3095998095175.873
3086839859529.8687
3077929724179.8535
3069241425410.057
3060759757861.5376
3052520324088.759
3044518042146.518
3036766983420.9985
3029215950595.9424
3021914440849.984
3014864449718.4614
3008018878417.3066
3001434986124.9365
2995071976659.1924
2988937769555.8457
2983052085124.3276
2977353696242.5195
2971904967163.4185
2966660307577.8765
2961651241212.8877
2956817951358.6987
2952174007947.5356
2947773431022.8306
2943519778901.0215
2939478006098.098
2935579759906.079
2931895727757.349
2928336490160.8228
2924939482097.251
2921716250365.6143
2918618166482.258
2915668457582.5586
2912839748375.3403
2910147758590.9893
2907595130875.0137
2905126786701.73
2902806145810.2876
2900580654787.8457
2898486552008.1084
2896482119180.3257
2894621819592.6245
2892847783542.8574
2891217556095.2314
2889671896143.5796
2888254758246.796
2886966184371.339
2885815828869.907
2884790359025.118
2883915632571.8306
2883213679076.21
2882632321279.8027
2882255729736.187
2882025630911.604
2882036387990.1074
2882223226736.4243
2882652496526.288
2883257353359.0273
2884160892350.46
2885305818175.185
2886704368783.2354
2888392741985.685
2890360191423.8447
2892666303655.419
2895250263974.0605
2898185032947.738
2901396435644.952
2905051884148.6743
2908981467329.745
2913335919656.6196
2917974282079.2114
2923085488351.8423
2928509470955.2007
2934324999927.279
2940498928123.254
2947087149754.398
2954046709283.169
2961347090578.9126
2969065545735.006
2977111259858.9883
2985564663547.6924
2994302224941.9463
3003408832804.3965
3012846963231.9585
3022538052170.433
3032571822718.7334
3042869181824.7812
3053426855956.933
3064162396641.371
3075144142178.839
3086331542127.957
3097573058250.0547
3109033952338.771
3120569776217.0073
3132109163540.5767
3143763250525.7803
3155339033194.668
3166882453010.473
3178386476261.265
3189777755630.908
3200971281652.652
3212002608097.3467
3222849499007.7666
3233425272054.967
3243668573672.573
3253659297785.548
3263311457823.088
3272581496610.041
3281432859602.4907
3289859083227.816
3297916213060.0596
3305498822359.9004
3312644071208.016
3319306009344.7617
3325501076405.115
3331226359635.8843
3336508587289.716
3341332812556.8213
3345710918277.239
3349690914512.928
3353255153434.3403
3356431066583.718
3359247457017.2505
3361733323030.1606
3363928206930.5996
3365844382837.6987
3367509924733.6523
3368977843311.1543
3370251170374.867
3371405096810.5464
3372392925897.1987
3373341976624.4966
3374234293902.6284
3375155480040.578
3376084687786.2397
3376984377948.576
3378048083439.8823
3379211432421.275
3380481399408.1064
3381930847299.044
3383514800963.1855
3385351182316.091
3387433551220.6367
3389692976478.127
3392252915084.659
3395101470834.687
3398214553394.618
3401661422158.1514
3405388824954.8125
3409460927453.457
3413939361908.0986
3418688149685.391
3423774669432.4116
3429347355375.846
3435177552178.2495
3441433710202.397
3448031700553.594
3455038047322.398
3462446192769.486
3470151564145.958
3478305028526.517
3486817684720.972
3495727392979.0015
3504948399745.669
3514513102434.165
3524484692392.697
3534726382317.954
3545352362483.133
3556197079244.1406
3567446339698.3066
3578890516327.786
3590648508135.522
3602615709027.1577
3614781067184.723
3627190256546.363
3639757605285.2163
3652475343063.9824
3665306897375.2056
3678278051480.407
3691319079952.198
3704419959925.488
3717518537644.662
3730684920367.8726
3743817776043.1826
3756895562534.102
3769920687604.197
3782848795502.335
3795712100419.311
3808388319451.7856
3820981418168.797
3833342682680.1157
3845587041741.32
3857593003162.858
3869401564779.838
3880972641405.962
3892331963969.9805
3903435691047.0225
3914313223153.526
3924832252873.309
3935184327291.6245
3945225077647.8374
3954955073341.327
3964406281383.72
3973583957654.36
3982471730258.437
3991035334301.78
3999306337337.8086
4007260140579.7026
4014914097215.3843
4022248145832.576
4029322920323.1084
4036064228202.7417
4042483382316.476
4048614451194.738
4054410961818.325
4059885224826.1675
4065072675268.9204
4069932908339.9053
4074520657326.651
4078792265771.156
4082780229123.26
4086427673404.911
4089808206723.449
4092881488660.2637
4095684423210.9883
4098229927089.1445
4100485754765.7744
4102480335765.655
4104226597236.7773
4105767037039.1836
4107038822014.9854
4108096082747.2363
4108985089068.6133
4109654948563.4023
4110155762664.023
4110496569097.6553
4110676040174.0186
4110738073260.477
4110635924598.756
4110500973664.5728
4110188572037.145
4109886432104.601
