8549689255560.915
8548526232399.364
8546447965289.951
8543566396038.672
8539867634648.785
8535277498392.392
8529845549804.754
8523559692684.4
8516429478611.725
8508404889494.447
8499541967703.678
8489782976369.106
8479188244996.233
8467701293971.384
8455356084120.586
8442144863604.786
8428045763958.763
8413124725779.561
8397299521691.517
8380697569017.543
8363180987233.482
8344894456016.0
8325742322782.874
8305821107606.0
8285083443817.472
8263598055207.444
8241407396471.79
8218404091593.312
8194817833575.236
8170531958895.614
8145538927232.172
8120002813017.151
8093871779920.495
8067184067967.924
8039985442516.013
8012333533975.622
7984199025128.781
7955693741076.565
7926769327290.176
7897535972595.647
7867942644523.076
7838089681986.583
7807992549258.375
7777632199866.471
7747083772525.164
7716358412642.85
7685471166550.268
7654476584442.538
7623271982993.463
7592009619294.022
7560662761261.006
7529254428564.422
7497700882298.567
7466115528558.149
7434481904959.071
7402759027461.784
7371001066843.908
7339198276285.162
7307292385964.004
7275347457651.077
7243414531437.329
7211338745078.476
7179205813071.311
7147032678632.091
7114800729634.981
7082448089600.282
7050003455589.889
7017542130689.773
6984944535639.05
6952270178316.75
6919426028495.267
6886569750940.518
6853567844471.945
6820392605692.043
6787141533733.721
6753804053180.109
6720251728774.911
6686609625542.238
6652847683409.239
6618977509729.525
6584924841985.408
6550725048169.142
6516422891221.911
6482027628794.486
6447516204636.481
6412860747715.238
6378096636125.768
6343279654775.24
6308377043983.314
6273390463735.557
6238384225889.688
6203294760937.033
6168286642596.707
6133179751260.529
6098137555442.615
6063146621347.887
6028244597682.497
5993423605405.442
5958730089316.539
5924160693069.621
5889826823460.212
5855684646091.995
5821725530445.136
5788008228891.712
5754654431460.587
5721567196366.7
5688803602998.097
5656371259141.668
5624351795176.941
5592705873804.383
5561471747103.779
5530723300315.139
5500384777268.762
5470504908571.465
5441139151836.068
5412261096623.221
5383854322852.505
5356028307127.602
5328642556623.259
5301818518551.662
5275542464132.673
5249734578864.953
5224494513810.486
5199772646882.331
5175581484916.763
5151880798232.811
5128699048324.168
5106019838441.154
5083855664614.87
5062156895161.799
5040953916172.41
5020199102588.249
4999927096219.915
4980079775559.244
4960698273171.145
4941726381028.388
4923177886949.302
4905038739483.359
4887255523917.037
4869889330758.982
4852880204984.943
4836257437979.587
4819939551894.249
4803994302293.626
4788398065343.55
4773101251866.583
4758108501999.248
4743459857279.23
4729093337203.745
4715016072416.131
4701238865733.253
4687744457737.047
4674548079265.7
4661607479312.141
4648947031115.596
4636582854885.297
4624485691870.778
4612653930788.069
4601103589026.947
4589832712666.91
4578860729748.81
4568177829201.706
4557768045006.315
4547680000333.626
4537890111581.663
4528412911988.514
4519254064334.171
4510434918880.052
4501969622452.509
4493840023067.851
4486081747454.896
4478696930961.691
4471710983412.348
4465118855242.545
4458923042311.87
4453182953774.791
4447862555040.992
4442970163350.808
4438589767537.693
4434631843900.081
4431169765688.843
4428203404867.96
4425757334075.132
4423793517716.468
4422360811336.702
4421460663068.995
4421088888853.79
4421243637903.744
4421974214414.066
4423212205846.082
4425026829548.739
4427384359570.74
4430295610936.13
4433756588533.661
4437755861392.535
4442325037872.849
4447400222361.711
4453032954476.887
4459199719686.294
4465866750513.05
4473075732399.301
4480789574758.71
4488987224209.096
4497708695295.182
4506884782504.286
4516562205217.095
4526655127303.573
4537247969106.451
4548267776513.296
4559688095262.9795
4571585383246.425
4583880221097.736
4596577701238.351
4609664440499.257
4623161669298.44
4637010507433.679
4651296504576.945
4665876449865.509
4680884888360.335
4696195834684.73
4711911675546.014
4727966045320.93
4744348441581.577
4761127298178.102
4778228587067.349
4795684035082.368
4813500776183.219
4831642219896.065
4850167826006.938
4869035819011.475
4888264079620.607
4907835205142.351
4927763518386.191
4948101437456.651
4968793044869.563
4989825420363.99
5011238920921.696
5033032285254.467
5055230325898.291
5077754157174.584
5100731656340.653
5124074149787.361
5147809185377.464
5171908966295.565
5196432159038.01
5221379810088.563
5246665666985.972
5272429170384.459
5298559335666.489
5325165354546.386
5352116026206.863
5379539548226.708
5407325057989.693
5435599195811.703
5464320091157.41
5493417446653.623
5522982312647.316
5552971413449.658
5583476315246.769
5614393566237.426
5645783702813.769
5677612142617.202
5709948036868.978
5742752889421.849
5776007359472.072
5809738092599.054
5844011055115.406
5878724753118.993
5913912800254.906
5949583987602.438
5985822535236.329
6022484265441.037
6059649575574.005
6097232934157.417
6135430502134.773
6174004080557.465
6213056743617.617
6252558780700.33
6292536301898.897
6332944093675.903
6373693797461.229
6414932104379.537
6456509771205.415
6498432531370.1
6540755205894.624
6583313258121.383
6626185028010.552
6669349926856.353
6712673890486.089
6756227691635.058
6799897889870.053
6843689179649.911
6887564226561.606
6931443208820.67
6975347835062.801
7019154201887.69
7062881411596.286
7106405416747.91
7149817001178.856
7192924681735.48
7235733567417.032
7278188460566.844
7320333691996.4
7362009637464.01
7403157509640.862
7443820620770.103
7484005513371.332
7523520738227.065
7562363164699.215
7600649011749.881
7638157167869.274
7674989575806.202
7711102548977.908
7746477431833.3
7781045358066.503
7814774785265.379
7847780772713.341
7880019237187.624
7911325901432.517
7941884691079.9375
7971638511329.539
8000593042946.673
8028718241141.615
8056043657378.227
8082622472764.158
8108400513384.735
8133392059848.353
8157646440318.661
8181097518424.119
8203896789309.53
8225871036235.281
8247177573330.517
8267716121999.012
8287583605402.75
8306727645413.794
8325180691218.453
8342923535622.343
8359946694377.673
8376289689524.736
8391976871583.743
8406908857058.439
8421164692157.089
8434692194649.785
8447522130302.374
8459632258418.904
8471017524015.581
8481617787951.236
8491553777994.729
8500758873110.517
8509148621049.234
8516783622118.428
8523670572577.62
8529764167377.836
8535077536300.482
8539583520287.914
8543297199296.48
8546225062011.6045
8548317413924.585
8549629706796.742
8550056651186.158
8549689255560.915
