35665796847419.32
35696513884428.38
35728803364038.58
35764530728610.81
35808199280692.91
35859691572846.47
35900254321792.07
35927770611905.305
35963663526981.6
35985521711735.57
35990854253701.83
35995221087381.914
36005832919464.836
36002121571005.1
35986127684733.65
35984476262278.65
35973351150830.35
35951461500682.35
35931729237297.48
35902411323238.63
35854092772606.33
35791112505388.07
35734303026958.83
35667165157928.05
35591680515825.71
35514892996684.67
35490826362025.3
35481388620440.516
35467538761900.91
35466176511890.34
35455589548830.875
35430727950529.12
35407705735923.266
35378378586922.84
35335113474838.54
35288578799321.33
35243515920831.43
35187232866879.02
35120012767305.152
35057865353692.49
34980851801521.477
34886323770193.5
34781370627069.953
34668709327025.86
34539918352296.086
34394961797345.996
34256503157613.555
34101758214020.324
33931672326904.21
33762536653230.51
33587833220743.88
33401362597150.867
33205851543412.77
33006279530181.13
32789265244327.906
32556862913852.895
32324913636970.074
32085672370253.09
31829894782515.504
31558775857486.63
31286512271498.055
31040602896843.926
30819286076646.246
30608989981749.28
30391138958255.805
30160236452264.81
29922344201256.16
29678580093791.594
29422037830469.97
29154231493372.04
28886007197874.84
28647396926099.21
28416115742297.09
28183481446771.82
27951287261319.703
27714294130472.082
27472984819816.566
27242238778137.68
27003070772787.36
26754419743670.688
26504333937880.68
26259769921572.273
26011382647568.188
25759708793676.21
25526085045499.992
25299415916962.527
25074757086690.87
24856763931442.055
24649126463614.61
24439965339688.66
24227439305441.43
24076010628842.395
23920823519868.324
23762244544465.8
23607377882747.26
23448614557478.527
23282307651669.188
23110038893476.332
22968029826230.367
22833083881435.875
22704790254933.758
22580075375376.023
22452791002404.934
22319528758016.316
22181676152600.48
22049575824145.113
21914292814723.38
21775488402789.01
21645182790015.09
21513805128925.258
21376475010261.168
21234857531193.082
21100573356288.582
20964361054835.9
20825999311553.82
20692114969447.4
20557306353082.85
20422691741683.293
20296408606698.863
20168781979240.133
20036521679664.297
19899879051052.52
19762888949660.113
19619847296414.188
19472408931357.53
19323372498576.508
19176278732146.117
19029427886552.2
18884321960121.258
18741664184495.234
18592571353662.516
18435155525067.246
18269760864689.785
18113334495612.99
17954733105175.316
17791049364390.1
17611431931813.27
17429318399581.87
17240543317200.9
17051192973993.734
16862731166110.898
16675357083728.955
16492981477129.852
16320119655838.473
16143311695226.395
15965024172162.842
15796914913024.68
15632800595082.807
15470847261348.26
15312170095400.205
15163301701501.746
15013350128505.697
14863750121653.164
14731461777864.465
14606566908488.346
14486034504136.295
14374101464112.57
14291028168238.22
14212755101605.514
14138037699325.12
14074282731249.71
14015238299758.744
13959101134342.184
13909322698221.898
13871201426864.545
13840105690509.64
13816701407671.127
13812283753629.258
13828128869829.273
13853775552749.326
13883006947263.396
13915305877177.445
13948360515227.908
13982144708444.422
14023721321241.281
14064712814116.207
14106086327017.611
14153284490260.404
14207747750628.18
14260396888308.322
14311017815941.959
14366989726693.105
14421865784397.994
14472649172945.078
14522489933881.967
14578628883513.879
14633509170384.32
14687002446525.367
14743804818611.018
14797208183948.504
14845264550870.752
14890388955751.154
14934857490205.105
14975367472257.559
15010963736001.092
15047845227120.746
15081122957321.725
15112067396325.87
15149090928663.326
15186911243160.791
15222081111848.062
15254295406216.879
15285390334336.42
15311803568383.842
15334246955341.574
15362033061235.574
15381206508111.035
15395760217635.818
15414687070881.775
15440778138833.154
15467050959690.133
15494160588394.828
15525387806797.37
15557580826731.652
15588905563124.762
15623871566347.76
15664854670118.564
15703368758281.295
15737076895539.22
15793167299628.547
15846617766645.541
15898576956734.494
15957354910845.139
16024986082740.033
16092481279781.592
16157594376329.105
16231360376678.836
16310080312785.2
16393326781436.188
16488661142507.146
16585323657870.637
16680351899293.125
16774309004784.705
16877064855654.957
16978543338694.555
17078568228376.781
17180246504587.81
17279092870689.502
17373728115300.045
17465148225562.88
17559496316579.531
17654415545221.293
17759356816448.656
17934542165052.316
18108083322199.164
18284385027879.496
18474004240494.387
18668509968001.59
18860631685471.53
19051682145363.703
19252477498922.664
19460655620390.48
19673506341984.22
19898233058123.29
20128255033364.344
20355444735197.223
20579152234853.7
20806282354733.105
21034491411934.074
21261087427216.188
21490129014302.12
21728738311135.29
21963355015019.492
22192660014733.11
22420617799451.0
22645220423999.824
22864252444384.492
23084716615958.582
23304078688283.258
23520856752090.453
23737341043886.246
23963702815714.797
24201093840087.1
24443934246518.28
24684489570726.152
24928545481958.254
25174780746111.324
25425617327602.78
25691798571081.94
25955773666784.203
26215227621595.934
26481314642622.7
26758479162635.484
27032754724157.53
27301908468976.93
27584227728930.1
27860002490805.633
28128106653859.082
28399795098763.02
28670956151066.426
28935580815033.07
29196750942393.066
29459119631816.75
29714317320052.883
29962285710087.09
30218881565660.22
30466285350716.1
30703167147823.47
30937841841889.28
31169406749297.613
31388538265130.035
31595755173620.836
31806464096250.75
32017038084166.492
32219239094573.72
32413108695169.555
32606538468901.508
32788445768148.797
32958452172541.46
33148427091497.87
33337440292103.8
33525161778440.4
33730996495479.71
33936012251345.64
34125092269849.727
34297823405330.14
34428084151967.543
34541277247659.625
34627285134038.062
34695819743417.82
34766838714687.547
34834184297402.54
34903454364309.35
34991945581848.98
35062822702499.457
35116446089671.324
35169959812480.035
35228793040344.04
35279996574829.37
35326482857642.336
35381546111287.85
35424000233014.66
35453751431678.64
35489127335568.67
35516172861096.42
35527439422190.55
35526555317759.33
35524753614196.125
35505216699300.57
35469115946949.15
35441669890421.11
35429863319897.055
35415957784544.41
35395224202073.29
35407412121127.81
35406954497809.92
35389635204703.37
35388907667634.945
35388678309065.83
35383729659053.1
35388386038116.016
35432771517719.625
35471270193449.54
35496039946796.72
35534640268536.42
35564222756324.266
35584132692541.74
35614399842219.78
35642769262605.78
35658292384222.9
35665796847419.32
