43458348174080.77
43490712581215.76
43525544782037.46
43565681727816.82
43615503195997.734
43675423869499.2
43723476829926.45
43756382534792.41
43799438148099.625
43826679323206.67
43834838121810.016
43841807337119.27
43856818884143.125
43855518451009.805
43840512877358.56
43844155131818.64
43836743983561.01
43816574280230.02
43799670970406.71
43771614949791.33
43721494093921.914
43654609044404.37
43594483566265.62
43522611542497.44
43441587205423.836
43359689642177.695
43335538431667.54
43326548371404.74
43312746410350.68
43314900478225.03
43306512053721.72
43281163343227.14
43258116445088.08
43227679839596.445
43180725227240.44
43129088319557.39
43079286635685.81
43016528261651.77
42940463697127.414
42870914188202.27
42784471528738.97
42677666642127.7
42559135531783.63
42432077686708.47
42285851494005.21
42120803015061.42
41963763285684.03
41787615575719.46
41593786542160.66
41401234742990.67
41202507009234.586
40990523654811.65
40767972073951.87
40540616661952.06
40292754490526.6
40026707728893.61
39761994580518.52
39488675393300.39
39195327908781.7
38884208397347.266
38570859629800.3
38286731974267.125
38030464432913.83
37787219202875.375
37534491573792.15
37266563401934.305
36990151327193.72
36706702400689.55
36408335185853.914
36096083584458.164
35782411982125.69
35504222358527.27
35234279664524.37
34962460648446.54
34691337199508.117
34413874082011.645
34131052328545.69
33860191519798.047
33578493155053.797
33285589212768.156
32990828144770.164
32702304290761.543
32409334796770.906
32112133449000.367
31834970411428.953
31564471569024.938
31295383233879.22
31034222266580.45
30784745459169.99
30532824146854.89
30276680725568.227
30090382765308.6
29898987490527.71
29703459050599.156
29511932729558.215
29315684554930.938
29110555790185.395
28898306549347.656
28719295172404.133
28548125373158.387
28384609955144.17
28225510005387.52
28063626463497.613
27894910009704.527
27721072849236.58
27554159538051.617
27383544359696.02
27209035289574.594
27044531074582.402
26878898300778.902
26706961844400.344
26530390360019.844
26362336068566.17
26192322904136.723
26020058953696.203
25852827845612.367
25685062663451.69
25517732399255.0
25359800472163.312
25200704150992.55
25036531911804.613
24867651576535.152
24698872241859.902
24522914667834.48
24342330125640.18
24160377339225.676
23980923935994.88
23801728408570.695
23624604636280.52
23450057150320.633
23268252611759.133
23077066725657.777
22875409539650.62
22684271646378.848
22491349686387.07
22292920808374.45
22076474931691.008
21857727810513.566
21631643113462.63
21405334872035.55
21180401035184.57
20957373531087.37
20741106205908.46
20536420111916.16
20327690535104.598
20117696746665.27
19920215649875.113
19727771574238.934
19538136600923.97
19352548085480.51
19178627708913.85
19003727286546.168
18829444295418.59
18674706576138.664
18528768607620.785
18388151574671.023
18257265948865.215
18158688063812.855
18065712330621.27
17976886677624.85
17900838617416.664
17830815758515.2
17764205101668.562
17704776008071.953
17659671108811.926
17622421750575.93
17593676319247.535
17585675894683.715
17600181235119.586
17625692094308.723
17655707043638.496
17688225240096.44
17721510976885.26
17755686659611.504
17798888004446.77
17841518578487.3
17884612564941.48
17934322757826.332
17992218052618.88
18048052189523.434
18101702336109.01
18161314269489.008
18219808272482.848
18273523400603.617
18326306586300.676
18386203664249.6
18444746687243.07
18501608729205.734
18562398123084.977
18619471764219.125
18670683182524.566
18718902075458.51
18766832651156.816
18810277557302.332
18848131450406.996
18887884254444.65
18923692298868.707
18956627054152.39
18997169104436.3
19039044199715.81
19078129050211.633
19114316056629.344
19149470795432.133
19180404864984.74
19207226001058.785
19240424032662.31
19262349617881.02
19278467505415.67
19300102674298.816
19330877037728.02
19361994005564.24
19394427823883.348
19432342718762.453
19472168197052.562
19511753861528.035
19555984773381.38
19607589235690.85
19656983427624.62
19701585038527.137
19772106244267.234
19840399555720.957
19907803422203.97
19983514079028.37
20069607518671.83
20156499925216.484
20241475051889.016
20337054832902.67
20438503989308.21
20545642829091.957
20667105629851.723
20790693715360.273
20912790163708.016
21034391728489.734
21166435960163.09
21297711126302.01
21428102275766.965
21560649182964.418
21689930710713.75
21815130887469.37
21936989834647.156
22062185158700.86
22187858411014.035
22324647448141.766
22540450410029.78
22754670137669.62
22972361539173.47
23206014777944.004
23445139901076.85
23681523070685.516
23916806167530.766
24163090017750.113
24418938350716.19
24680939623536.88
24956955442854.086
25238887459082.53
25517414756572.1
25791779433163.504
26070212996748.367
26349126816728.3
26625797819991.906
26904938024346.953
27194822722763.484
27479247715503.598
27757088165672.266
28032815185544.523
28303859834547.723
28568058586881.61
28833796709868.793
29098079871447.875
29359399453071.656
29619547109146.297
29891766970707.36
30176391818644.062
30466919722977.92
30754695547452.43
31046441582777.71
31340139894298.926
31638533721287.074
31953364720192.84
32265645343442.35
32572522035127.93
32886877238854.7
33213750156302.645
33537629254471.02
33855502056958.43
34188611334769.035
34513985841123.71
34830278583191.35
35150807778195.17
35470649823088.42
35782673729751.164
36091131994636.83
36400688556618.05
36701782143506.31
36994998988384.48
37297568412896.37
37589357660598.34
37869171533027.4
38146218879371.02
38419280581752.516
38678092851394.44
38922608068842.68
39171442530582.58
39419887689227.01
39657681195023.266
39885507726913.82
40112535098739.84
40325161764888.05
40523827574365.79
40744598692907.11
40963403348584.336
41180114953336.2
41417233875908.234
41652841692569.69
41869896456946.42
42067528638477.77
42214978167869.0
42341836105012.54
42436831086389.664
42512429624785.664
42590774113102.47
42663865073667.39
42738578660389.79
42836530782764.22
42913862358599.84
42971163211181.37
43028976201412.65
43092722706291.57
43147230751520.625
43196127365630.98
43255246314977.36
43299529583923.55
43328870835933.055
43364784331909.445
43391071227184.83
43398672657214.086
43392201255354.95
43384693030272.76
43356197027000.24
43308280944715.14
43270722739726.54
43251884194219.695
43231441388596.734
43202858601694.46
43213345545405.45
43209016916271.445
43184754483287.47
43180462637797.68
43177297408272.055
43168624113181.98
43171257139106.4
43219103904780.69
43259894600602.06
43284910189403.63
43326786866083.03
43357841917405.12
43377179774398.69
43408946108784.336
43438334072051.51
43452954373801.21
43458348174080.78
