8640018493557.715
8674160563667.819
8704332613151.646
8728649142944.345
8751891301403.416
8776669000430.638
8797742992308.395
8815243203449.857
8836144860183.86
8853672852270.623
8867878799771.121
8882405902492.986
8893485738921.766
8897997823658.465
8896115822468.398
8895842813619.72
8891396625906.982
8883502794003.514
8878898033371.31
8868952170391.916
8851638852039.791
8829183269781.307
8810171981349.445
8793172938449.416
8778099618345.331
8761061169353.63
8740742896938.75
8714197435947.319
8682753656955.666
8649767898217.043
8610813231374.93
8567096123047.222
8525758562019.431
8480087602990.19
8429692098240.858
8376936107389.078
8321914085847.912
8275024227754.904
8240049495544.268
8209706405699.194
8177308552148.415
8140442407991.83
8103191363600.235
8066958212209.082
8029067446886.905
7990043653700.067
7955352609384.654
7919206551080.258
7881822671981.6
7846643975863.202
7809030640330.683
7767309528618.547
7722410973661.818
7682268781791.464
7641565036714.613
7599793936467.416
7557340625581.119
7515904934001.7
7473409353248.651
7429012705467.632
7376411610489.627
7320928431044.425
7265371453144.749
7213494513001.628
7166931140939.005
7121368617938.628
7076674136844.78
7031881657855.558
6985317919367.239
6937633543690.554
6896901279943.766
6854573925442.567
6808954365409.495
6761506356942.31
6717540622726.802
6675059300335.791
6634215809545.817
6597650746232.428
6559823756736.954
6520416071322.705
6482287274844.659
6446705649006.67
6409423625274.862
6370391172339.887
6335934368056.581
6304673512701.944
6274055839903.556
6243685065671.629
6216170996018.716
6185248525923.949
6149606759198.604
6116005581762.212
6081512875584.073
6044409022403.371
6006561269558.662
5965522785531.518
5922730300799.646
5880181228321.733
5839379396549.126
5795002108851.229
5747387743529.424
5699387296771.097
5652243928568.539
5605635313269.061
5561484052238.787
5522162308099.109
5486937082381.161
5455060447192.616
5425813220938.052
5399472673805.426
5372829446732.033
5346482260069.359
5319470781147.429
5292877771592.662
5267285895339.094
5246185213896.81
5224898959679.342
5201584623690.625
5176567221114.655
5155533261190.958
5134068757005.156
5111962095620.513
5090401547836.277
5068456208087.228
5047046595097.888
5030386613191.007
5015005595252.37
4997628809929.28
4978486476813.228
4966030702580.139
4954613672439.169
4943044071610.08
4931099426247.6045
4919518557208.249
4905108471031.978
4888628097598.45
4864085080378.919
4838694064962.456
4812688470863.136
4788774697547.558
4763358287213.502
4735151465979.822
4704471187108.745
4677347328619.816
4653257343444.282
4631389013498.911
4611992433787.074
4592320608197.168
4569721783061.513
4544463337281.112
4522267144230.104
4499110236062.022
4476097969663.866
4466241712243.472
4458844272943.567
4451605560710.367
4444395782031.314
4437220050888.308
4428222288002.815
4417362847492.625
4406673049782.377
4394413187726.9697
4380129951070.614
4366296534086.947
4360069063146.986
4351341829684.1943
4339089751154.6035
4331480799818.0107
4322751060021.6406
4312977824906.049
4305302490768.4297
4297444239455.6353
4292394818693.2817
4291761470361.8003
4292832206629.563
4291561870991.105
4288776020006.327
4289710376484.7695
4292196808386.7617
4293491437242.5864
4294188117003.4707
4299122843856.653
4302621623267.1753
4304321081147.685
4307965911738.01
4311081907118.62
4312962123233.868
4314666078881.2876
4323908904716.8535
4332778330811.7515
4340921878612.739
4349332028378.677
4356425274539.4585
4360823814536.4517
4362665413936.915
4367004917891.9014
4370674190201.4854
4373586583158.187
4377216813249.9443
4377972869396.2046
4376210551440.3716
4376398787142.0767
4380950554354.8257
4386726240826.6504
4393291731296.6934
4400489625425.857
4409085871941.738
4416317535367.074
4422859292999.31
4431883851407.57
4440669115658.821
4448348510854.618
4456442586534.3125
4464814430019.205
4472130336957.548
4478808766631.81
4487298723421.81
4503041573160.083
4527759977767.831
4553427926085.018
4579502041887.467
4607146956391.371
4637813469612.959
4668162217400.896
4697697838668.566
4727648613618.204
4759670801570.296
4791989884395.14
4823166755159.277
4854176267443.166
4884403316019.246
4913666294644.114
4942773074943.313
5009658697488.265
5077367853663.104
5143971059924.383
5209767280948.39
5279438820278.137
5348652230770.383
5416088212463.945
5465496686791.454
5508519384429.829
5550063660750.783
5593700165833.947
5636381879068.542
5677798960008.742
5718509280720.203
5757770506332.392
5793584065463.252
5826540462186.072
5864417736040.977
5900191206977.914
5932746867126.834
5963216398955.125
5996377551543.628
6027673596097.632
6056819300122.184
6086254451220.887
6113003443973.129
6136918242366.023
6160731851180.059
6185656045751.745
6207997659194.98
6227832885245.707
6252143164758.854
6275047137132.846
6296445167011.47
6319935224665.101
6341945480711.782
6358974587079.212
6371384769982.98
6387830485088.761
6402179731882.358
6414194330799.317
6426666598263.237
6436841366220.206
6445427891537.51
6454132007362.569
6464868004883.582
6474826788582.192
6483475445754.068
6492356989404.437
6503002663022.036
6514399506785.427
6528202147291.737
6550060612742.499
6571483923980.092
6591680949711.623
6616819252743.939
6643383767012.594
6669938095502.152
6697159639238.995
6722998314908.27
6748357201026.534
6773492223385.434
6803308051108.955
6831932802343.414
6859236596129.488
6887698148097.348
6919336261428.996
6950273977601.068
6980943222958.944
7013865506008.017
7047522776603.656
7080103733111.215
7113217300181.795
7150759716525.912
7187245803021.905
7221316535166.826
7260583758201.561
7297435451722.543
7332033732382.801
7367878820850.6455
7407694244914.839
7444468901540.969
7475948705020.766
7495414268650.141
7513563290499.446
7529626343213.126
7545799034486.394
7560182932337.0
7570300993358.079
7576651964583.04
7586022748902.8545
7591385319214.7
7592763910314.514
7592490541034.049
7590244369784.224
7583199487619.738
7571505656953.879
7559114006030.069
7544727488737.833
7535670389195.76
7574642704700.429
7617511980256.918
7660420431606.052
7703184925526.639
7754521356473.521
7804996140447.284
7853960986211.3955
7904421808212.543
7952188519529.281
7994956002675.354
8033017407457.579
8081271289064.5
8125165296951.451
8163721781280.463
8205314539412.012
8244194898661.159
8280231930211.201
8316732797548.966
8353471955373.484
8388222458441.531
8420827913748.802
8454573941338.68
8484906906353.014
8512708384481.247
8543825450967.575
8577685616461.702
8609924225436.714
8640018493557.715
