45.989601247698225
45.921607737129634
45.851634651038076
45.78033867184947
45.707835308008704
45.63326385717473
45.55715745200353
45.479856126612226
45.40162810163188
45.322754331530916
45.242603395245396
45.16214991036619
45.08111993019196
45.000129565387795
44.918940854186054
44.83748865999338
44.75636078194896
44.67579607621851
44.59575471655597
44.516481556933876
44.43816289271708
44.360229335369944
44.28426242572542
44.21067504322425
44.139022199740474
44.06975601176173
44.0024232608424
43.93695924618565
43.873923547990664
43.81294289419776
43.75404265504542
43.69712531287555
43.64324949144865
43.591600538555035
43.54211885970518
43.49490170237498
43.449437554507696
43.40782642890335
43.371084706785936
43.33761800737004
43.306761471601746
43.27542307675064
43.24602476627592
43.21848048615296
43.190291244052574
43.16317533700162
43.13767983485677
43.11134783568353
43.08407409252526
43.05689250330111
43.02868286907288
42.997378363412835
42.963335952740835
42.92903964807701
42.89270415632478
42.85322191199002
42.809766272415224
42.76359030284073
42.715369794442466
42.660885798929264
42.599923577789895
42.53479732073105
42.46552848936209
42.392874252436776
42.31793915256882
42.23889428129205
42.155196863052154
42.067365696486284
41.97410779386264
41.87509394327858
41.774819013959046
41.669270620473064
41.55724555278839
41.43968088934735
41.319280381699116
41.19571593486771
41.068753438082354
40.94014987524929
40.80746837605984
40.669747933804544
40.52908087449708
40.387764398022476
40.24167409413291
40.091121414164704
39.94173600666205
39.79330450425446
39.6435431423169
39.492674532399306
39.34297016611685
39.19044429466899
39.032711417674165
38.87632552639379
38.719337540541964
38.56068653093594
38.40064486901996
38.23830835998443
38.07510269851454
37.913168536578105
37.754812007165675
37.593553225491185
37.4299932033391
37.26775774755402
37.10827389282279
36.95150116256803
36.80085388013504
36.65997094890959
36.528961759708835
36.40659687254952
36.29174013867946
36.18541543161723
36.082389584988
35.98319478993248
35.8860267108729
35.792501953584015
35.703820692421964
35.626087213992115
35.550037044205155
35.472094601661034
35.3934200289381
35.3231609280185
35.25263429172084
35.18231470807502
35.11327380598017
35.04246273989388
34.97302661477486
34.91281318110518
34.854074932545146
34.789894772946454
34.720454047705054
34.66456880041473
34.60928509206693
34.55126575364431
34.49081133840751
34.42953564410953
34.35973315822482
34.28280093564496
34.18551675231902
34.08432201888443
33.97897300402127
33.87664459909353
33.769484831026055
33.653623159379
33.52877150016849
33.4123749743589
33.3035579698622
33.20092009211099
33.10529973140432
33.010231573627394
32.907557970448806
32.79891844170747
32.701287798813304
32.60268322083729
32.508080675480905
32.456183955277766
32.415254272623315
32.3798986240878
32.34993520613229
32.32540975927867
32.30017951659252
32.2745350268196
32.25479401259018
32.23624164010346
32.217623120867714
32.20634872328597
32.225160016535646
32.24141336901509
32.251009634071615
32.281275268347194
32.313226018774785
32.347040094461974
32.39375190925603
32.44582393228676
32.50934651052913
32.591406780393584
32.68355260450442
32.7727966590262
32.85949883120489
32.96133550931489
33.07287713483873
33.183492146963864
33.29324942396362
33.41647184982464
33.540573777176675
33.660926244168294
33.78616620018358
33.91192192196043
34.03606104260942
34.160355967499946
34.303534319258276
34.44488939887858
34.58389330212794
34.72340831084657
34.8571299588606
34.98217498264879
35.10085285989843
35.22159600253505
35.33841227038002
35.45003245780577
35.55936611135057
35.65829727442176
35.74796619710975
35.8379614395745
35.9313962355917
36.02127760000687
36.10703031243079
36.18834801392302
36.26448493472573
36.33049325994001
36.38920367852375
36.44365224801961
36.49127223409335
36.52745002421327
36.555412957158666
36.57632676462419
36.58619835963122
36.58632357057045
36.58197445241307
36.58152475018604
36.58893444546072
36.59012648596718
36.583087278399
36.56976267029652
36.55426357368046
36.53025107232306
36.49681882465973
36.45646833417885
36.413483482540606
36.364487460818495
36.307783042490605
36.24442714184587
36.17464467406281
36.09901007892867
36.019568811130405
36.00770799630521
35.99479790625921
35.97772631135133
35.95801801559141
35.944308234699974
35.93005201333876
35.91360794123645
35.867430641599846
35.8135001393422
35.76042520316421
35.71424677255112
35.67126401274806
35.6310459895677
35.595764098506585
35.563216414965034
35.53151318631094
35.50162742918245
35.487468886271444
35.47618576293415
35.46671042256774
35.46158928697708
35.468542473970054
35.479723707142654
35.494866060293965
35.51733249344676
35.5441213290514
35.57379734972428
35.60918312138125
35.65354837107415
35.7008620678939
35.750708681507376
35.81297408143824
35.879636267713586
35.94991011324153
36.02960618363576
36.11262471015216
36.19327355502214
36.27256096878184
36.362696630458785
36.45537417117066
36.54942767992426
36.64840673228932
36.75013162501112
36.85501296294904
36.96408558667353
37.08028287245385
37.19923159259102
37.32231034470775
37.45080317504518
37.58537178045812
37.72464981924449
37.873696136377156
38.03485201284302
38.19870283115601
38.36487174846146
38.54086903454618
38.722591311120986
38.906382516339114
39.09407703531374
39.284767908751704
39.47822999836898
39.67353873452492
39.875286056640235
40.07916169542879
40.28417473535598
40.49190297661583
40.702936909948875
40.91505869310635
41.127667880383854
41.34203524370515
41.55655676294827
41.770556442054726
41.9841218645306
42.19858861195266
42.41109687364118
42.62007294421069
42.82859809851226
43.033927818685505
43.2357706765935
43.434498719943015
43.62971773162501
43.82050770858974
44.0055202510554
44.18458843932364
44.35969330343584
44.529597748513126
44.69478824598371
44.854901445291674
45.009176589419766
45.15810534292355
45.30126606918064
45.43821018356294
45.56948738051139
45.69528897289858
45.8138953034776
45.92658950201338
46.033385832487994
46.13332499830255
46.2271498714735
46.31342035575229
46.38359263635165
46.4449871088318
46.4990880510965
46.54541381367998
46.582435856687866
46.61246524717764
46.635593517149346
46.65208710479877
46.66226140412149
46.667237590302754
46.66716711451489
46.659477311482526
46.64745185596258
46.63127478716716
46.60914970481076
46.58335791835312
46.55359162450107
46.51914266959782
46.480217880163835
46.438668006089735
46.39310989332898
46.34375962965938
46.29153907039827
46.237376396753504
46.17995651997051
46.11834911308586
46.05490319491876
45.98960124769822
