4124703047.9774446
3966713303.0517726
3919161281.0859137
3977331313.046635
4144284982.579566
4421986283.367502
4809124904.264118
5300485028.667063
5902909137.310035
6606400380.718004
7414095030.883918
8325196423.146172
9338716913.699667
10448827840.780872
11655322663.886904
12956916747.459974
14350530635.429132
15831960964.310139
17396207453.356323
19045485633.31196
20773943870.932194
22575802152.8825
24449935429.08866
26390654525.75275
28396362491.456997
30461388653.29973
32580646568.400707
34750742310.56489
36967070441.41815
39224136729.89092
41518417798.80994
43843482163.29257
46194633465.126625
48567953070.762115
50958181429.86061
53358722244.35486
55764850374.10643
58176470868.09018
60585711348.09954
62986107142.086296
65373867285.57801
67745636468.17623
70100253424.17783
72428963168.3577
74729577759.97557
76998712378.63597
79232460390.13422
81428797332.61028
83584371554.89188
85695354426.3362
87760223426.64809
89780870970.67856
91749764605.60338
93665474524.33774
95528944892.2401
97339337394.63095
99097085916.37517
100798476061.40378
102445624570.4008
104038976568.33795
105576883289.42589
107060738175.37566
108493360834.96996
109872985371.60814
111201738144.54636
112479209625.06937
113708015222.27638
114892488656.83307
116030643930.39243
117123801233.95515
118176341591.57056
119191558609.57196
120166225945.01553
121105289318.2744
122013918437.4968
122887182073.99791
123729408763.96162
124544142511.84059
125331671281.70851
126093904170.12614
126833550205.11646
127550661498.26271
128246500537.28589
128922361036.03502
129581235711.36319
130220997319.24387
130842493619.07057
131447475992.34915
132033425750.73676
132604362260.77579
133158771444.93427
133694865951.24228
134212083061.00145
134713371918.56796
135197136484.40709
135659563343.36635
136100256711.46591
136521510497.50732
136919105508.51584
137293813107.88734
137642743972.4777
137967060817.2359
138264800965.63083
138534079292.74112
138772079167.9499
138979333394.15234
139156058535.8838
139297931481.76077
139405176154.03445
139478622812.2368
139517047970.87018
139518581534.68027
139483311326.84348
139410398569.0669
139300481826.83774
139152882315.61594
138966882086.55316
138745834903.08707
138486440741.82666
138189177165.1694
137855343308.8837
137486244883.17194
137085721959.16762
136649099839.44421
136180651086.6098
135681730622.59479
135154107643.60078
134597714622.48753
134015799731.55307
133410671688.60696
132780857135.98253
132132869231.58789
131465764991.8149
130781715345.95723
130084783499.16054
129377032491.4751
128657691793.49242
127932790088.19675
127204293144.25023
126474147023.66731
125743124371.2003
125013537060.64708
124291738212.45038
123575973097.05681
122867431928.23033
122173085460.74608
121494179720.38232
120829307712.20247
120182508433.15964
119555118467.78716
118949522783.77405
118366869923.08035
117808165950.77495
117274495667.08044
116768898137.3683
116291310895.26483
115841193040.25534
115420299759.52599
115030629749.10652
114670363612.3631
114338653906.1114
114038327877.64297
113767752085.28818
113525955431.75789
113312585735.13895
113127403970.79222
112969163809.06552
112837262734.36198
112730112715.16539
112645854742.00505
112584127689.55736
112542868004.80302
112520736688.70111
112514993827.24191
112524895975.78284
112549146601.98616
112584705358.87827
112630985106.36143
112686869573.49422
112748079942.7594
112816249904.90714
112886584813.03804
112960292127.099
113034786640.74947
113107040557.3181
113178141846.3019
113247522006.0135
113310652622.53302
113369418713.98268
113421380100.443
113467665718.20697
113507337060.38188
113539595331.35815
113565035802.3732
113583031588.81117
113593257795.44238
113598643511.31677
113596734105.07167
113588053616.8028
113574877967.4984
113558720401.75632
113539049375.6758
113517210638.51707
113495059769.28954
113473074957.21771
113452911271.96317
113435330259.22083
113421784112.21678
113415536699.20512
113417932500.03297
113428641580.82217
113451245554.35963
113486545335.02832
113534638209.487
113597957672.93791
113679566353.74663
113779994897.19441
113898677148.52858
114038682367.27762
114201554671.8989
114385957296.33896
114594250430.9223
114828911032.66182
115087614509.32448
115370833178.92227
115681637693.8504
116019750615.0287
116382634864.06796
116771768095.7243
117187299338.22136
117627419005.36841
118091873364.88321
118582684541.63629
119095275169.14395
119631003252.38164
120188007300.60925
120764809424.14882
121358400921.28258
121969189040.64561
122596612749.42114
123236214820.01405
123886652570.49493
124546472895.08609
125212644237.78923
125883554211.71721
126556725310.06526
127229829900.66437
127902053921.44453
128567861672.28485
129226609778.69354
129875503534.81662
130511815182.46574
131132803564.53998
131737206335.16269
132319126866.98718
132880825047.69241
133418741851.41875
133926139353.65826
134406328843.2299
134854639439.78731
135269972701.2375
135648533599.05872
135986892658.87697
136288636092.5379
136549617985.39806
136766253638.45253
136936334251.02516
137061149512.22705
137139853278.84189
137170656025.1025
137149228966.37251
137076487080.47803
136954316062.81238
136781116892.29735
136550745074.12254
136267636300.3498
135931637402.56831
135538600488.92523
135089757519.3547
134586670175.43399
134027703694.2966
133413275154.03397
132740646680.77406
132014031047.51012
131232134089.46756
130393805378.60655
129500959715.48723
128553930214.43207
127552109921.01053
126496869808.46861
125385370291.06694
124224488648.02115
123010477330.14323
121743801096.96037
120428348369.20877
119063498362.44878
117648741788.28682
116185723215.80205
114675433543.89537
113116745760.60913
111516633300.99245
109870781916.10985
108180025748.55516
106448629638.39966
104677856378.75444
102866432696.16507
101013589405.94548
99124874646.80783
97200276537.49454
95240011548.7933
93242759188.3517
91215607345.47682
89162146825.7936
87077186677.35054
84961651759.62692
82822639778.6114
80657409085.97314
78467383296.76614
76256951118.99731
74028248173.63895
71782288048.88611
69520321084.52823
67246399778.236984
64964647102.173195
62673451902.87752
60374708125.667595
58079273637.996605
55781603882.156395
53486184776.88393
51198761288.00932
48923348356.90367
46659315277.88449
44413581900.58016
42190689127.33095
39989978325.73072
37820849390.72915
35682718533.894684
33579715473.918537
31520497066.04348
29504692692.096428
27537156074.916897
25624374904.12659
23768596651.918373
21972703278.774662
20239035655.746857
18577091930.90956
16990320978.668234
15477614424.092718
14044417130.887537
12693887374.650303
11430998613.984005
10259212429.975744
9177158556.6315
8191643503.209209
7302216905.403911
6512532958.431749
5823454047.187434
5242469316.79585
4765799727.753655
4393303290.473108
4124703047.9774904
