0.022317838621369497
0.02240994567602276
0.02249124984831447
0.022557769817145478
0.02262133332748966
0.022688719996585806
0.02274594053775407
0.022793934070596437
0.022850099512432918
0.022896951773463823
0.0229347405953656
0.02297245611999406
0.02300081730425233
0.02301124643461522
0.023004474626352234
0.023001460850590433
0.0229864649296865
0.02296182523255787
0.022945299237847428
0.02291419073479515
0.022863485814457952
0.022799126799990303
0.022743016057406473
0.02269212561117118
0.022646009480550754
0.022594511612579516
0.02253489416572102
0.02245964588829969
0.022372129624780045
0.02228125756588179
0.02217609118036104
0.022059524779995062
0.02195035087627704
0.021831587660261782
0.021702327893160022
0.021568864908020336
0.02143149918142598
0.02131760930124169
0.02123663634023949
0.021169888506836126
0.021101330344876434
0.02102371907651588
0.020948372107991463
0.020878564598949097
0.020808274715505008
0.02073786067844359
0.020682192873784425
0.02062660085055089
0.020570850275785126
0.020524774774756067
0.020475428546375612
0.02041913250898621
0.020357656119764492
0.020311750502710012
0.020267533291871167
0.020223822093365013
0.02018104099291296
0.02014369560327685
0.020106145160698436
0.02006600481134064
0.020006021769918853
0.019939769103871272
0.01987519269974502
0.0198222711903572
0.01978523177418304
0.019752213467304845
0.019723093280883765
0.01969452949410658
0.01966177235589114
0.01962673380867623
0.019611787163625695
0.01959295851757243
0.019564900455719913
0.01953184635122367
0.01950873602580144
0.019489823056445893
0.019475756942879438
0.01947411845808495
0.019468337898019113
0.019457680334861085
0.019450589020207975
0.019450646182464167
0.019445021926336858
0.019433449979957836
0.019435248225490028
0.01944635361290263
0.01945845935246702
0.01947089567712277
0.01949173270272865
0.019501049101374127
0.01949433304484539
0.019493309904393234
0.019488250164301786
0.019473587663987546
0.019455247573008885
0.019425239595149444
0.019387986316757415
0.019349718064426803
0.0193156949155086
0.019268171249490054
0.019208005800965388
0.019144713185170265
0.019082322112752695
0.01901977511437677
0.018963624976539008
0.01892224205351123
0.01889310931788103
0.018873884100603814
0.018862128021284265
0.018859241180163036
0.01885370286931575
0.01884772133061579
0.018837735179087302
0.01882792847690908
0.018819860099856422
0.01882602604868172
0.01883035269562772
0.018825533775276303
0.01881263807862657
0.018812587771600803
0.018809271798131574
0.018801782433166346
0.01879415431029659
0.01878315943135135
0.018772353052350078
0.01877712000046208
0.018784654368245998
0.018782536400325543
0.018772031685450368
0.01878455305674175
0.01879878989466463
0.018810746517523985
0.01881896158262495
0.018826584292307984
0.018821271942120403
0.01880564203933356
0.018757061120455963
0.01870263653788791
0.018643583550564505
0.018590151129205996
0.01852897772941499
0.018454860359695513
0.018368467439951297
0.01829425914984477
0.018229660352352284
0.01817220842261582
0.018122254704634435
0.018069940890276918
0.018004461021312278
0.017926757262761727
0.017859886835517255
0.017787776799120195
0.017715150832528562
0.017693382264351167
0.01768024701581889
0.017667173801958307
0.017653112329328875
0.017638612532177113
0.0176159422115418
0.01758535572989424
0.017554505116626283
0.017516958093610938
0.017470356327408895
0.017425151640530486
0.017409513458626454
0.01738310732852708
0.017341762622446518
0.0173182494911123
0.017289242708672017
0.017254843116482683
0.01722806194527337
0.017198989209219574
0.01718021286680133
0.017177137431981883
0.017179598792490525
0.01717068617081141
0.017154313210602012
0.017150313904369455
0.01715055851659015
0.01714381279676975
0.017132281524650923
0.01713523650738676
0.01712950347733157
0.017114195017884772
0.01710360668215871
0.01708856913693892
0.01706481315766225
0.017038050533331846
0.017037433155001818
0.017032924725299027
0.017021472389659505
0.01700844879993565
0.016987026852591004
0.016952189784850285
0.01690418533767099
0.016863040199249998
0.01681679713976844
0.01676451188709097
0.016712661579282185
0.016646923236916678
0.01656994078660649
0.016498019315487368
0.016440453714019383
0.016386047747802432
0.016332408283644607
0.016279579120458954
0.01623039598615808
0.016175391476582833
0.01611654157518602
0.016065790019574217
0.01601438337635957
0.01595784555953858
0.015902914737477947
0.015849624479633243
0.015792284071763408
0.0157341031585469
0.015683046611916992
0.015658171288899028
0.01566545326443273
0.015677615076192867
0.0156922265806514
0.01571362258699879
0.015747096045373894
0.015781939635984624
0.01581563699418592
0.015853099734277714
0.015900280551884374
0.0159513803979178
0.0160015938690478
0.016053844738356055
0.016106929944386426
0.016160037752258143
0.01621616303612457
0.01639935695840988
0.016588248387594602
0.016776398594091968
0.016964989834072835
0.017169304786699407
0.017374853131184646
0.017577653985943992
0.017724945832613637
0.01785436211722035
0.017981576329777097
0.018118070021152212
0.018253621423577518
0.018387306347635968
0.0185203701650641
0.018650485287546262
0.018770472796071885
0.018882789702318683
0.019011394927552046
0.01913386859728816
0.019245695135622073
0.019350790543313737
0.019465059769616596
0.0195719512808777
0.019671052721333553
0.019770248070966893
0.0198592276100536
0.019937944345149013
0.02001404670453805
0.02009159652593022
0.020159297366470992
0.020216205819433685
0.020285055968993763
0.02034699971075052
0.02040102655667202
0.02045931259156629
0.020509702262145723
0.020540229523005892
0.02055348108970614
0.020576794181446645
0.020589027527180795
0.020591506806011375
0.020591706325120758
0.02058162726304812
0.020563039340906673
0.02054144090827849
0.020523871892024037
0.020500101892214136
0.020469322734265355
0.0204360848963345
0.020406006686701426
0.02037554458761557
0.020349424774041218
0.02034630481085794
0.02033864780905891
0.02032550494896983
0.020324304740836616
0.020325881516968302
0.020324862320539597
0.02032409669756902
0.020317590851766952
0.020307695964671725
0.020295926975942243
0.020296934176185152
0.02029348340312783
0.020285053151159485
0.020279431937224385
0.020282641379974497
0.02028377373996894
0.020283497610381715
0.02028999071832733
0.020298869951021113
0.020304934172537852
0.02031305759101077
0.020334135194142528
0.0203533971575178
0.02036620891026714
0.020395132691267952
0.020417811428234265
0.020435665411442212
0.020458158631392408
0.020493110675904452
0.020520826813210203
0.0205354552451543
0.02051859093141731
0.020500658234480204
0.020478094875653517
0.020458017622036348
0.02043522495875521
0.020402801882832566
0.020362132046529903
0.02033153649163505
0.020292406138424365
0.020244663537379068
0.020194716895716936
0.020141572079810696
0.020077928783849452
0.020003819222088663
0.019930225270971106
0.019853642209948657
0.019793081507379802
0.019860747473585787
0.019940362347977178
0.02002163182841737
0.020104371846569553
0.02021086484486416
0.0203169369915333
0.020420640231432616
0.02053026615455471
0.02063445696953297
0.020727510834465803
0.02081000762301732
0.020920530085043076
0.02102157967330335
0.02111043803010922
0.02120872484250564
0.021301269134966258
0.021388245599894516
0.021477761472130978
0.021568891073250815
0.02165632519878086
0.021739257417060464
0.021826107696750415
0.021905112558939593
0.021978176934414003
0.02206080798406559
0.022150508196729125
0.022237116654632343
0.022317838621369494
