0.04979761688119176
0.04984021734044213
0.04989024298743943
0.04995050408816472
0.05002618895489225
0.05011801250590776
0.05020070607476748
0.05027048462490192
0.05035633473393429
0.050428737834486426
0.05048357303108831
0.05054174367257377
0.050613550106549623
0.05067129821243306
0.05071765608124411
0.050790147977790225
0.05085453761359203
0.05090845456154596
0.05097093292283498
0.05102455849106195
0.05105715691276226
0.051074163200919204
0.05110351283926713
0.05112309205011487
0.051136079268431965
0.05115184584180363
0.0512395550288381
0.05134977879636652
0.0514577847866678
0.05158895628437388
0.05171186833694084
0.05181802322764778
0.05193064722012844
0.052037939506830576
0.05212874213217067
0.05221695836273865
0.05231056618317224
0.05239120872650873
0.052458421396034245
0.0525359959519078
0.05259544826694078
0.05263187447932839
0.05265553779210845
0.05267059898369044
0.05266311693467653
0.052633409041406405
0.05261468180627171
0.052572741288617816
0.05250959243750343
0.052448219548887585
0.05237936640089037
0.05229372004041008
0.05219490051260081
0.052089695558274196
0.05195772690642089
0.05180196674069122
0.051647212434043875
0.051480477808692415
0.05128697240697449
0.051069034875717075
0.050846652281088985
0.050662048042214206
0.050513411122527926
0.05038135419741983
0.05023592706350588
0.050069611229502195
0.04989108676230109
0.04970178234712367
0.049491383700730654
0.049260796880891675
0.04902721945651651
0.04884065678199166
0.048664678819994374
0.048485467058367177
0.04830610823327961
0.048116746090942165
0.047919226943652485
0.047737322502282256
0.04753902353800331
0.04732349437293045
0.047104183807766556
0.04689250568888863
0.046672968617233405
0.046445677811276315
0.046245835523319484
0.04605442233174651
0.045863697508849555
0.04568301066651906
0.04551811898968422
0.04534828284663584
0.04517048069046893
0.045095954774258526
0.04501234596341762
0.04492196376421273
0.04483629271543991
0.044742136653214394
0.044632792293930634
0.044510908996196655
0.04443843249893635
0.044376670037143316
0.044324921856715244
0.044278433325675666
0.04422608112741428
0.0441610011050542
0.04408515402184663
0.0440181532186088
0.04394284661564382
0.04385870352821415
0.04378769877814594
0.04371215479529202
0.04362338864082501
0.04352352297988788
0.04343451235766973
0.04333890998298606
0.0432358978480498
0.04313767387038381
0.043035007523008185
0.042928919770229196
0.04283532567296888
0.042735728158541764
0.042623499573666374
0.04249959827663868
0.04237155569925657
0.042227070837743456
0.04207031264258808
0.041907054585027435
0.041743796514328295
0.04157673463573972
0.04140898053214186
0.04124168043516763
0.04105735037481622
0.04085236837144199
0.04062443521856596
0.040411063389255944
0.040190207437700555
0.03995553539550724
0.03968433290871219
0.03940476045385326
0.03910798125639008
0.03880648140355865
0.03850348603253117
0.03819988678870231
0.03790500646311906
0.03762746939345231
0.037338862362131985
0.0370445756193212
0.0367699766808557
0.03650123689734381
0.03623464971418704
0.03597251400735741
0.03572906636490838
0.035480949456103576
0.03523103975245024
0.035015114880305676
0.034813113609119664
0.03461851973126733
0.03443986763893159
0.03431995064431855
0.03420850372670028
0.0341028375574918
0.03401925446515057
0.03394514648540517
0.03387564033908893
0.03381773118488219
0.03378526567075524
0.03376590804404479
0.03376095465130979
0.03379387582469864
0.03386814061181829
0.033961851538152954
0.034062342333826566
0.03416575240499034
0.034268572163803766
0.034371062323081736
0.034488944485966934
0.034603333568909274
0.0347163967813699
0.034839991654678576
0.03497675163035024
0.035107219350613186
0.03523070184178709
0.035363054492712896
0.03549032714519814
0.03560553391906925
0.03571590995046942
0.035837073567251805
0.03595251628140594
0.03606159164516209
0.03617493313761622
0.03627799012517861
0.03636616939821667
0.036445223637653304
0.03652037310029794
0.036583455483377415
0.03663233581310705
0.036681472319350726
0.03671981530271769
0.036749149317438806
0.036789944332339154
0.03683018161587425
0.03686166885098217
0.03688438495084516
0.036902068712511435
0.036908395131083634
0.03690397710807377
0.036908695645701976
0.03688917026895991
0.03685555233104617
0.036829836177836216
0.03681911572048663
0.03680611359701156
0.036793133478721
0.036788017104635064
0.036784005965809066
0.036776991034728916
0.036776470922485406
0.03678704946906519
0.03679144770709672
0.036784226253276014
0.03682332539215558
0.036855548761658335
0.03688378644860925
0.036925132851466126
0.03698293091448507
0.03703983892270895
0.037090712018638464
0.037158460695924926
0.03723446958196743
0.03731805678246079
0.03742499125680441
0.03753291002105116
0.037635413679150534
0.03773428099636588
0.03784875816365547
0.037959049238835724
0.03806501733245666
0.038171836942091725
0.03826997986320359
0.03835792850892778
0.03843748465739739
0.038519715316507955
0.03860007319201231
0.038696870292529315
0.03892728662603645
0.039150861092878776
0.03937625903511572
0.039625218165680196
0.03987885411694755
0.04012373144539873
0.040362114995580595
0.04061500025916811
0.04087914871916405
0.04114928509639794
0.04143765300092215
0.04173080518681371
0.04201364591593051
0.0422845761442057
0.042557329667602416
0.04282552959240191
0.04308534311464637
0.04334412909541546
0.04361528858547844
0.043872397192115484
0.04411400675593093
0.04434747287569929
0.04456873048109417
0.044774194614106214
0.044977593080398656
0.04517415685793817
0.0453616070077744
0.04554236597176153
0.045737542867524246
0.045946957372129525
0.04616099828871162
0.046365567065974146
0.04657205058603085
0.04677687553016169
0.046984228920536976
0.04721137849890997
0.04743027988359322
0.04763732608169133
0.04785062992496591
0.04807824093044336
0.048297507045140006
0.048503952173872364
0.04872885453776544
0.048939014459044056
0.04913286848513681
0.049329960884433685
0.04952294854608875
0.04970267908130643
0.04987518406031172
0.05004709541013096
0.05020578304812818
0.05035213359040585
0.05051026634854721
0.05065277007067128
0.05077887243362847
0.05090066259633359
0.05101750835782065
0.051115922623801185
0.05119633665546171
0.051283150227879326
0.05137090688342611
0.05144661635390043
0.05151111387277008
0.051576241834380164
0.051625528057260804
0.051659831223535596
0.05172453385913738
0.051789851168606446
0.05185522876646418
0.05194908145093593
0.05204386435164802
0.05211864152214249
0.05217280197057937
0.052168103548645636
0.052141802575461665
0.05208108540902434
0.05200073990881093
0.051928250290299675
0.05185381988813198
0.05178597142728407
0.051750624367996115
0.05169450205104895
0.051618717343686525
0.0515480436953119
0.05148872739661939
0.05142289227271209
0.05135421685328211
0.05130231320993881
0.05123682071026922
0.05115801033665957
0.05109101969632834
0.051016886005617615
0.05092494184860717
0.0508207132748851
0.05071956248322823
0.05059804751610952
0.05045792981925118
0.050334323407609335
0.05023654373833124
0.050141046929714675
0.05004013124210159
0.04998853338904722
0.04992376439446794
0.04984018424646281
0.04978337470184363
0.049731812497913745
0.04967816841732275
0.04964154337130625
0.04966075617513221
0.04967591560850472
0.0496769609209824
0.04970144314394691
0.049717572693402705
0.049724276097969686
0.04974945926982007
0.049776004971776894
0.0497900691998553
0.04979761688119177
