8726993558299.114
8726027875068.242
8724259930543.058
8721770184925.777
8718534053298.58
8714516335688.865
8709733437773.957
8704189518220.261
8697900349483.521
8690814247037.362
8682990424393.311
8674375704396.17
8665035112498.036
8654903268345.533
8644033708326.5205
8632413347366.312
8620026066630.61
8606934674722.411
8593068334989.109
8578538696705.992
8563244946957.333
8547297950369.298
8530623658569.379
8513297963243.92
8495290962254.472
8476661776053.088
8457438478393.869
8437533595465.168
8417141660861.503
8396157549584.885
8374578882268.952
8352530769667.464
8329978300043.435
8306954550712.432
8283477302743.496
8259594137971.421
8235293513138.071
8210638637143.413
8185618734683.014
8160293416241.108
8134633877744.024
8108711130721.691
8082556425463.387
8056122107107.163
8029500332549.002
8002674305577.513
7975675580476.839
7948532747476.615
7921178704950.968
7893735020766.551
7866171326679.927
7838517440169.898
7810719375566.149
7782847687523.561
7754910941946.396
7726870280670.644
7698768763424.864
7670611671485.453
7642355566976.605
7614048021854.512
7585722540114.144
7557280736531.746
7528785640840.05
7500238888936.13
7471643058630.693
7442950421787.171
7414180313094.396
7385389550886.766
7356499750746.797
7327547638284.325
7298478759102.791
7269399041254.96
7240216214074.346
7210915511313.619
7181563257378.733
7152161539969.544
7122621650111.32
7093022763934.705
7063353568507.926
7033628782875.314
7003799976538.522
6973887151121.142
6943919737045.431
6913912114595.951
6883856687025.615
6853733033856.0625
6823563064848.983
6793383757722.724
6763184890427.204
6732961477309.821
6702758142655.026
6672523714363.103
6642397069201.232
6612235210042.741
6582152747743.89
6552142286397.675
6522234951933.307
6492409883567.407
6462715617408.769
6433138256940.7705
6403758600387.445
6374550291286.037
6345492466910.414
6316638960096.395
6288074401531.921
6259726390884.345
6231627322465.58
6203793797067.238
6176285082165.607
6149067330735.631
6122165809789.153
6095644043401.421
6069444466529.407
6043604445616.946
6018160891475.477
5993097338371.237
5968411333428.827
5944182275220.284
5920300610242.948
5896870191962.69
5873879939992.696
5851267443674.753
5829116215879.999
5807391841613.456
5786106305518.221
5765229166894.898
5744787474652.33
5724770984807.096
5705188665039.213
5686009130298.262
5667256264552.1875
5648893233272.099
5630948323731.089
5613381520766.884
5596226324845.735
5579432383449.217
5563020293795.69
5546976446186.256
5531260478940.755
5515917469928.78
5500904779709.942
5486239696732.702
5471864574430.086
5457826540811.638
5444110840323.932
5430672753117.613
5417521969832.138
5404685772627.755
5392114110399.185
5379815289396.332
5367794252734.886
5356036852975.778
5344561054037.3125
5333327233103.636
5322353184395.141
5311651600765.2705
5301200962870.949
5291000634588.299
5281058907151.409
5271375628880.959
5261972638393.455
5252832173277.442
5243946660152.292
5235352990204.932
5227033370377.863
5218998324460.564
5211249652433.917
5203805561074.774
5196677738186.194
5189850168948.507
5183350830839.664
5177180069218.336
5171359603830.719
5165882419551.446
5160751733555.918
5156011498995.494
5151632722016.537
5147625445948.687
5144050609035.563
5140837845708.85
5138047608985.924
5135674655375.55
5133739172913.767
5132214403002.356
5131132487374.806
5130498066407.704
5130307582054.388
5130557994016.843
5131287472590.519
5132443032255.072
5134080243117.424
5136174293116.182
5138729716593.097
5141744351035.74
5145216932539.458
5149161977470.747
5153536896322.0625
5158385270473.943
5163685199636.842
5169413607102.538
5175601009096.283
5182224424265.848
5189267556953.958
5196759381399.198
5204649337606.67
5212978593813.531
5221681452154.854
5230817688540.239
5240344426487.947
5250228491221.497
5260537479604.018
5271208508266.89
5282247929670.038
5293650782666.807
5305424210235.926
5317526201630.376
5330024973103.424
5342813249458.78
5355987347096.231
5369451572800.988
5383286973700.246
5397440268216.989
5411900387579.762
5426721739571.805
5441843299393.679
5457289426451.955
5473061707083.303
5489135260625.958
5505550020693.535
5522274003496.03
5539323677194.056
5556678702137.767
5574345442149.942
5592372639715.378
5610707210367.225
5629342576837.867
5648313235664.51
5667609648148.3955
5687254691658.314
5707186625289.573
5727504727753.251
5748138947986.625
5769109305062.246
5790398551681.647
5812048446057.936
5834064002547.0
5856375271150.676
5879090666026.243
5902123809923.277
5925558204804.062
5949301948433.628
5973445904774.589
5997902409657.503
6022772438945.491
6048023120114.065
6073601612112.541
6099571471451.956
6125904327262.06
6152668062137.205
6179780847779.943
6207285412314.977
6235158267832.235
6263447970525.309
6292125836413.726
6321175338246.936
6350609391163.627
6380474028198.64
6410702470967.623
6441311115767.876
6472301443826.678
6503734814197.367
6535499088196.949
6567658348787.299
6600143162507.908
6633089487224.6875
6666324800413.662
6699921604231.738
6733862499860.619
6768149064092.8
6802752465857.466
6837605028307.136
6872820125967.889
6908270667463.531
6943966947015.702
6979947105257.823
7016091730264.757
7052448076985.22
7088997580861.347
7125650851526.862
7162467273142.573
7199345063716.96
7236290486866.879
7273286942692.285
7310269836509.335
7347255488580.4375
7384155956637.345
7420987560631.586
7457662944864.53
7494247998673.148
7530607005009.309
7566740629148.832
7602615853314.254
7638267609638.302
7673582204550.318
7708511075289.914
7743087797602.099
7777328023927.727
7811089451745.872
7844359266102.987
7877228783514.573
7909542588802.649
7941362121608.884
7972659519499.945
8003410625147.151
8033574021525.118
8063114697615.812
8092105193838.308
8120516363762.794
8148223247097.771
8175350908340.136
8201850413792.689
8227718838401.732
8252925933889.588
8277490620819.524
8301436449899.8125
8324725104088.073
8347353869672.841
8369350901673.465
8390665877503.938
8411408061978.898
8431441704776.288
8450861896519.893
8469616107193.248
8487750800367.342
8505237113532.745
8522085854556.763
8538290484167.366
8553838185141.889
8568749024000.659
8583047520945.214
8596663233022.627
8609645683331.089
8621966240393.126
8633642144676.363
8644651606216.908
8654999766215.434
8664645834721.672
8673671260015.762
8682027708136.185
8689656943577.876
8696598495376.395
8702868670055.169
8708424207322.671
8713276614939.036
8717410225010.692
8720828384922.04
8723541734209.348
8725511140403.061
8726761839701.908
8727233175632.44
8726993558299.114
