45.01014115909057
44.9440825510983
44.87654877072145
44.80742735320803
44.737081284838055
44.66607674525264
44.594289034693915
44.521639774459246
44.448826705177574
44.375672780703574
44.302332339635335
44.229266720080304
44.15598766113866
44.08280935240257
44.009457147064296
43.936756235089085
43.86422785050458
43.79224525493704
43.721897521645694
43.65202061521722
43.58203227217288
43.512305833398315
43.44470415169278
43.37892463784511
43.314796564009946
43.252040944209114
43.189933940207034
43.12781144035908
43.066332769209076
43.005757110560644
42.945067366444505
42.88431028235784
42.82513093097213
42.765832626946406
42.70599816699693
42.646182462044486
42.585912272943744
42.5271050753853
42.47064433722754
42.415878943755196
42.360033790095535
42.30271704168455
42.245045348082385
42.186903025813876
42.127448743656345
42.06672229530606
42.00629929153199
41.944135429650004
41.87982086537124
41.81485542549344
41.74688986920951
41.67520683660718
41.59955352108605
41.52224234562356
41.44194753019424
41.35816935225205
41.271672755022266
41.18226093432516
41.08902780482627
40.99159931685636
40.88588610817752
40.77454375794654
40.65902878009935
40.54151217700872
40.42409374041434
40.30367846183923
40.17911797675709
40.05076078452106
39.91747009142157
39.77938094532141
39.64247347125147
39.50087174623482
39.35296291732634
39.20006535033062
39.04605585144871
38.89030059586543
38.733068382468
38.57725247224947
38.4182848151146
38.25513439454174
38.0909695730663
37.92836111545633
37.762944652179335
37.59469089994931
37.43031219306117
37.26895256029449
37.10871602678754
36.94925203499874
36.794030875039596
36.63570685822544
36.472238591218215
36.3114664405736
36.15034055693113
35.986690998255895
35.82177692232734
35.65323454370941
35.48252475223744
35.313073640801484
35.14638332976379
34.97365263404479
34.79600542775168
34.6182698473729
34.442013291233295
34.26647299499821
34.09557630510763
33.93237361965533
33.7800989222693
33.637577395293285
33.49997774895702
33.371829902954794
33.245666330510346
33.120611522147215
32.99626374709578
32.87494192048753
32.75811393352515
32.65217913058331
32.54848708455785
32.44218842331983
32.33275130717833
32.234671409762115
32.13687823294703
32.03888278165821
31.942409982603454
31.843390162937517
31.745466876803032
31.66144705319762
31.580706967158005
31.495068036235217
31.404715270714117
31.329123937235725
31.257268062008457
31.18578159666079
31.112332482259845
31.038729916301666
30.959038011948763
30.87481710700392
30.769589501325566
30.660526286536644
30.549597757997514
30.44639902461461
30.339113044209743
30.223219265448673
30.098909629328045
29.981570168863488
29.877855007698503
29.785788475809653
29.704605700862896
29.622897373279283
29.53392313155015
29.438247294111473
29.357333685290236
29.274956816844615
29.193452560459708
29.143052916563178
29.101653524119172
29.063755431238548
29.02868864460902
28.99338652422995
28.954921920525337
28.91387701007383
28.87733370221993
28.839130488492447
28.80035014169878
28.771187288058027
28.769115855544133
28.760644799021392
28.744119536894132
28.74752779591526
28.751167212072698
28.756346753920216
28.773038966528222
28.792067638372284
28.826803922079513
28.882834540930443
28.94982530027045
29.013043558082405
29.072817553579565
29.141741985761737
29.218319192368977
29.29368055972535
29.367658532085365
29.45652050220475
29.54501120089803
29.630503684069236
29.72303455041663
29.816087428767258
29.908608548510628
30.00325459648258
30.12364266922388
30.24510156477851
30.3666619654261
30.48926826878989
30.608701796824867
30.72106792408015
30.827652985397485
30.939110698308994
31.049388648289522
31.156882113192648
31.264517503330747
31.3611741424813
31.44973036316235
31.544878025000795
31.64648407717766
31.74780725568686
31.847052661710546
31.946140241441793
32.04541761914606
32.13711453724412
32.22488720583343
32.31417858430395
32.399535091268966
32.47777802120743
32.55002262110517
32.6183122799109
32.67739349504837
32.72687181462608
32.77582003248154
32.838134725890484
32.918413305634864
32.99119718125098
33.05536015372739
33.11443703710193
33.169819587078536
33.214060794730074
33.24492263359524
33.26529635737283
33.282222729656375
33.29189180608857
33.29141102474521
33.28147437088394
33.26300921701568
33.23578555448366
33.20245670722991
33.2623904029268
33.316768234777086
33.3622236222492
33.40057091785198
33.44203623390902
33.47942148172759
33.5105811172364
33.49386578981334
33.46254905406917
33.42897175608985
33.398516251042494
33.36762873482961
33.336904427648584
33.30862073627235
33.28190279251386
33.253689666489265
33.22553103999957
33.209099572349835
33.19533399854842
33.18246530353184
33.173174364624735
33.17690894149248
33.18408391083509
33.19381748251266
33.21121245290972
33.23390172222657
33.260086602522264
33.292951287674214
33.33641618501499
33.38309481328701
33.43283050331679
33.49803555234003
33.56792123294748
33.64183994168685
33.726872728683986
33.815806563161246
33.903293881542254
33.99037706270941
34.09200101556044
34.19702517264547
34.3051615323662
34.41979030862456
34.538091133923096
34.66098816709539
34.789872990223465
34.92749825361544
35.06974646530948
35.21673464953462
35.36931758905396
35.52927826482179
35.69489145039415
35.86939902720162
36.058397032888934
36.25001197824277
36.44382970782799
36.646587988635375
36.85320367126633
37.06170631662775
37.273289340976426
37.485737039238394
37.69900873390908
37.913412084735775
38.13345191145818
38.3524465533067
38.57131140993613
38.79275882212458
39.01702389521237
39.241490410025364
39.4655830323976
39.69146904677838
39.9172724952987
40.141617848581255
40.36505015588154
40.59047630302506
40.81374259664121
41.034022958006936
41.2553575859054
41.472615377741434
41.68613459017389
41.89746343882363
42.107251866639295
42.31267859320886
42.51254766394658
42.705311960291475
42.89450566674244
43.079324820761144
43.26008125569884
43.436261991262484
43.607000074502366
43.772147508408224
43.93279920026503
44.08711560126861
44.23537967399801
44.3779282822246
44.51379046907128
44.643189915076775
44.765868770182884
44.88156098422048
44.990271081080174
45.09191391514869
45.18470892072773
45.2683615508473
45.343380991571706
45.40962052481062
45.46666522171061
45.51510649062568
45.55514207062493
45.587134676568525
45.611388774603874
45.628486528218005
45.63846302969439
45.6407030993494
45.63693274477406
45.62717301578607
45.61082954757345
45.58915050763697
45.562794355907684
45.53103635055634
45.49431705831655
45.45395818130862
45.4094407745708
45.361219431177275
45.30956252451503
45.254879951093024
45.19743367814294
45.137237038443004
45.07465272976438
45.01014115909059
