-62142529.11551768
343889431.01241976
761610318.6757044
1190981625.0963616
1629845979.6638696
2075272930.9546309
2526881888.41178
2984477906.1325855
3445813159.120093
3909601685.026284
4374372610.948822
4839088473.530547
5304294141.343901
5765582796.362489
6224359410.700405
6679879439.279909
7130988772.456048
7575262208.407052
8011805883.828662
8440730713.726908
8862962789.610144
9277124543.219866
9680098197.067497
10073032953.753325
10456945164.538563
10829163965.527163
11191370334.830519
11544203133.544216
11884810548.057003
12215078312.49138
12535859278.880981
12847780705.129267
13150435355.480433
13443952487.885052
13729967341.69951
14008493056.552914
14281429043.122303
14549442228.389364
14812622497.566484
15072377996.945265
15330540093.469412
15587268603.94541
15843106791.43831
16100215986.509577
16359250095.350386
16620924240.162922
16886851031.655624
17156783453.83771
17433518562.33922
17716395203.190613
18006695803.443707
18304277827.824455
18612171062.954754
18929023261.4205
19255240965.85476
19592657529.94961
19940214384.290688
20298291700.828846
20667575462.180702
21048700606.29201
21440513253.586918
21843599788.509705
22258558104.114758
22685702851.799915
23121880760.49841
23567563885.18847
24025457820.14344
24492470737.842632
24967646258.63586
25451172394.0348
25942034145.274094
26439543947.963326
26944218245.645096
27453585210.752197
27966925036.906445
28483874309.37995
29004827950.08491
29526462989.57513
30046672962.44382
30568566105.765026
31090089765.871468
31607393347.876884
32120683168.799717
32630794779.44142
33135936297.828762
33635587836.457287
34126406765.012035
34609963372.70225
35086310613.1079
35552642620.61827
36007159975.45156
36451324936.663185
36884784456.85671
37305469951.914925
37713856235.1746
38108059169.37005
38490046577.98543
38857477792.68619
39210555894.60528
39550232568.371025
39875167969.74252
40186142417.10088
40482284140.52874
40764746042.386475
41032456767.74679
41285689868.217834
41525785069.00629
41752295639.34474
41965580842.164505
42166220973.50955
42354356844.51486
42531332175.99031
42696534973.811005
42850988562.39307
42994056285.3726
43127736512.72806
43253225264.01404
43369716522.71499
43476920820.2203
43578303290.73098
43672895541.19109
43760208770.28592
43841066399.49067
43917230521.01522
43989429380.18369
44056653126.3959
44119609686.02137
44179902246.110306
44237301964.263565
44291170676.023476
44342761931.07975
44392072788.51529
44439998876.866875
44485288530.48533
44529436565.1382
44571530501.52748
44610500922.71349
44648643217.86286
44684346131.50862
44717527996.944405
44747293903.37201
44774423924.21003
44799468122.8443
44821547807.808815
44839053566.8814
44850355968.2839
44858362682.708466
44862190753.53069
44859629531.461716
44851249622.96877
44836700222.51159
44815446789.04368
44787370158.281105
44751357337.015625
44708455360.67949
44656697136.36299
44597518916.33312
44531468852.84903
44456911907.01228
44373420702.54014
44281616126.221115
44182787387.572075
44075957322.009705
43960150973.69057
43836489136.86244
43707831274.61387
43571516675.465294
43427883851.048904
43278327217.87989
43121681295.62162
42960163199.264015
42793293907.72645
42621842331.34092
42445331356.55118
42264259583.71512
42078053361.933586
41887816693.45882
41696161070.78225
41500693367.23154
41300382379.55795
41097005706.428635
40891333460.31846
40681409384.61698
40468897964.15217
40256296429.54541
40038618165.695564
39817968570.952774
39595454168.31788
39372019909.123245
39145296400.09179
38915740685.87257
38685472624.53742
38455482454.119644
38223078125.97651
37988282196.92097
37755392562.90271
37523337253.83517
37293577530.51956
37062152295.21003
36835575379.68257
36612891612.757034
36393130199.493965
36178004288.13549
35969146557.892006
35771170969.76593
35578216473.629425
35397456176.2958
35227253412.86909
35067227822.49485
34922764285.391365
34791611740.02274
34676013213.997894
34579572176.15319
34500119439.67512
34442582427.04033
34406182906.78257
34389695046.60221
34399209026.62105
34433224651.60254
34490279413.21894
34575431588.733086
34688476934.59835
34827635432.44603
34993202112.09701
35189123210.06583
35413347220.404884
35663813085.358116
35941459020.62571
36246554484.47968
36579483172.2023
36935734305.75853
37315764906.711754
37718491727.62713
38141593068.21708
38582995499.80472
39041163701.823326
39513838921.37574
39999904128.59883
40495023280.97105
40996976606.918335
41503878050.83153
42012283112.13741
42520356654.26101
43024316423.18678
43520843450.034134
44008712778.80489
44484876116.28446
44945123671.83907
45389045634.418594
45813562404.120255
46215744169.293365
46594730838.19251
46948878520.53017
47275672785.141045
47573836528.63157
47840344286.46429
48077362556.64376
48282921713.25416
48453576868.73652
48590247046.48569
48696105221.00713
48764067459.205
48797932220.760376
48799705577.06122
48763886597.823746
48690282592.15407
48586230427.537056
48447794843.81977
48270837617.00656
48063505311.81675
47822820869.450325
47548154813.18483
47241148587.50578
46900428287.79942
46531259443.05837
46130941610.6039
45698803243.71167
45238401407.800575
44748607936.81813
44233072793.34161
43687139508.64657
43115275618.03248
42518598262.09375
41897296105.15457
41247206317.86856
40576006693.14147
39883036774.24655
39165896378.80496
38426014776.79749
37665520348.450325
36885829040.23249
36086306876.80931
35266815125.87037
34428569951.58356
33573442500.116142
32701178132.381744
31813506279.711624
30909830045.93197
29990847553.66139
29058896524.622307
28113042461.127216
27156981182.929184
26188982110.86565
25211211838.178047
24223853340.321266
23229350934.343437
22227680810.457214
21220613958.012722
20210118051.39456
19196441394.427177
18181009791.696423
17165987651.980341
16154460989.610645
15147543889.142012
14145240222.69218
13151870435.951525
12167654954.918484
11194774824.405283
10237146372.708166
9295770567.66202
8372112688.171376
7469485577.519174
6590880312.184974
5736881254.980888
4911244608.918936
4114240190.4050817
3347053192.2934666
2615180656.7485013
1917415842.9183524
1256301827.609129
634455213.1151124
52017105.07815362
-490877089.21503854
-991747982.1724318
-1449374919.1577542
-1865380331.2708075
-2237897969.653627
-2566963392.9261384
-2852565252.4542756
-3094486108.053963
-3294704333.708017
-3452346162.9736605
-3568787002.3381515
-3643375296.120448
-3678533415.904822
-3677149002.445009
-3638529266.65742
-3562086340.772314
-3452248438.7263107
-3312419933.7977567
-3139338402.504705
-2935316481.8904076
-2706721745.107949
-2450333656.834387
-2169830195.533607
-1865655529.7920234
-1540650042.435861
-1197392863.4745512
-835358103.2077006
-455982764.1331993
-62142529.11556118
