-7991298036.138252
-8204551246.694636
-8328355359.702666
-8364759589.653051
-8313464467.732053
-8172607648.902241
-7943562423.340506
-7623543644.179664
-7215979830.968544
-6722440365.40255
-6139189132.560189
-5470019691.888141
-4713400586.480641
-3871623775.629737
-2948279871.8293214
-1941278422.9227192
-853738828.9496468
313764880.8041022
1559187494.8538554
2878789453.9803324
4270831116.177126
5734569440.706442
7266212337.6549015
8864074152.109348
10526098083.69365
12244737531.245161
14018723213.698318
15844613595.078012
17716701974.945103
19633914372.457054
21590914508.014725
23580826849.12299
25601126106.343067
27644692310.23857
29709345866.13167
31789377210.108162
33875897738.491554
35968364676.62255
38061021579.85241
40146927324.04542
42223797928.01695
44285972127.75689
46328513397.22388
48346532225.935555
50336813069.14772
52294306098.47772
54219004745.573044
56102263859.367
57943215231.9204
59741747899.13841
61490352258.8296
63192249592.39571
64843959992.30347
66441380690.71861
67988231001.32008
69482472379.60402
70919012990.91039
72302508034.63074
73632942894.13858
74910547191.50212
76134455273.04912
77305840544.16495
78429217212.17233
79503408999.35732
80530836371.69547
81511568734.875
82448955749.4684
83344711840.4214
84202715392.8346
85023316119.27185
85807505061.72186
86559786766.0353
87282933835.88965
87976204585.1653
88643035026.41296
89286422367.48405
89907822482.34988
90510798521.29214
91094520093.28877
91659274989.89482
92211633667.05919
92749736703.61227
93277765762.89702
93793212321.78154
94297386085.13678
94794098722.94847
95281647818.75566
95758362162.48276
96228046045.57529
96690365594.0955
97142899684.71683
97586101886.8603
98017113473.20415
98440787144.37282
98854302951.44012
99253802263.6677
99640990794.15094
100014182703.96788
100370688217.07141
100712665848.28006
101035600749.39717
101337845344.32124
101620915051.6691
101883213037.3865
102120426693.13412
102334018581.44525
102523469357.35703
102685404103.92679
102820679804.88045
102928469948.16985
103007963345.91
103057793351.45064
103077328287.40282
103067774162.17421
103028588645.76724
102959021237.5015
102861095844.47287
102733861389.02193
102575704735.70125
102390681535.05449
102177930373.20073
101938992907.30492
101676832403.12675
101388225970.43704
101076736431.66835
100745109748.40482
100392970805.88358
100021894841.68747
99634321904.41847
99231940555.61191
98816936261.34415
98390776680.81218
97954569215.99814
97511050186.15527
97062578120.22803
96610667186.86826
96155476448.48064
95700969387.3887
95249714208.4229
94804653474.476
94362727454.75397
93928797808.3838
93507530413.69408
93096166154.93477
92696285602.6394
92312652342.56587
91944889066.62025
91594685002.74907
91263373309.13727
90951624819.88484
90661068786.97398
90391261287.74927
90144158410.33684
89920945453.51334
89721170573.7668
89544280161.22876
89392144195.47403
89262454567.52534
89157070047.23648
89075101386.11383
89014657721.08551
88976959023.06445
88961005811.65718
88964691001.4874
88985932995.1015
89023818076.63052
89077975224.04062
89147075963.90132
89228285360.15727
89319222819.38646
89419884290.17741
89526779314.29564
89638317934.5016
89753028013.87611
89867091852.03
89980437630.91031
90090766563.0618
90196166539.09259
90294439804.48535
90383577790.73692
90463815575.97542
90530471627.6042
90584369480.31226
90623764574.25659
90647615958.64067
90655132308.1125
90645971517.64743
90618656670.33405
90572019341.55797
90506469307.23373
90424644138.93533
90323510182.62274
90205102084.44424
90070086533.14925
89918635999.9131
89751291378.05008
89570157242.18047
89375503028.61098
89168514391.49275
88949046820.47302
88721999123.91655
88489614717.55054
88250592039.20322
88007432289.83139
87762536941.93085
87518286291.59337
87275950937.33669
87037021033.09868
86804292564.63101
86581414320.02087
86368243849.95084
86167585498.95581
85980687897.16371
85808762803.80788
85656157656.92778
85524062731.14229
85412605410.32797
85323163737.50894
85259209117.25146
85221692693.32523
85208780492.16144
85223255864.65997
85267166225.39893
85340175770.2261
85442120804.14163
85574347099.67973
85736391021.9492
85927025611.34251
86148380094.79721
86399036815.80923
86677131638.76848
86982361660.59154
87317436817.25853
87675655663.92197
88059181577.23596
88464962254.86575
88892941482.591
89340678735.39888
89805007455.02255
90286099961.72005
90783086270.25221
91290846624.54199
91807288690.919
92333853039.7141
92864210682.53679
93396334490.61084
93929454147.91103
94463592596.05762
94991299137.21022
95513740735.89778
96025250955.60945
96527441192.0564
97014057446.00337
97485797311.07016
97939962935.85655
98372740060.35188
98782573481.22911
99166955178.02135
99525038169.81995
99854283331.62973
100152648725.967
100416520007.50552
100645938049.20872
100841794151.582
100998708978.57887
101116185992.74524
101191750536.56703
101225775217.34447
101219492115.38441
101167296402.03589
101069791280.55977
100928489369.7057
100741007301.46417
100506275249.76929
100223423494.2606
99894653659.0043
99519223459.60143
99094006415.9725
98619639127.20502
98099797235.37944
97532223346.7351
96916504994.39178
96253884741.13045
95545252272.20732
94791456180.91617
93991403022.91655
93145613742.93959
92257500379.07588
91328193635.30908
90356537094.70276
89340663784.58229
88289713987.92184
87198745991.40877
86070101433.26437
84906034131.68166
83705172192.97258
82474473164.38528
81211737994.48563
79915096059.71332
78591614552.83977
77242008507.854
75864643802.18382
74463111482.03247
73037607981.92151
71590928256.92178
70123894353.2266
68633106749.808044
67126545945.73792
65601130502.83619
64057204000.47016
62497247884.17614
60923119976.46998
59337435188.7171
57737524973.88135
56124282402.21303
54497319734.831276
52855978441.21858
51201607982.11822
49539715812.77894
47868466086.2411
46183562228.70236
44485885230.81907
42784284569.821045
41072990212.85938
39353450169.32187
37626529369.800735
35895935948.56131
34162707567.620274
32424393936.917965
30683474939.652218
28943823851.11523
27208999717.54714
25479019863.259148
23758282157.456467
22043096924.281036
20343183355.98597
18659908161.942345
16994559277.140776
15356134271.0222
13737784526.838995
12148155779.813276
10596300446.090223
9083308816.541113
7606135811.257097
6173187758.052849
4792291543.204295
3464472035.3237424
2186984112.3807187
968920900.9341608
-184911135.8297264
-1270197232.3669424
-2291083594.2938657
-3241647491.5948286
-4114863362.2941003
-4913395103.655873
-5634402323.88191
-6273298840.936021
-6830588437.44398
-7302779644.018382
-7688710140.850903
-7991298036.138234
