45.68241244159808
45.68709027379463
45.684419625524995
45.67455471558234
45.65730537351706
45.632698726245515
45.601366439696704
45.56339652941766
45.51827417007693
45.46664059752878
45.408425271117125
45.34381773707182
45.272611493185316
45.19507550538184
45.11163099842678
45.02197145335391
44.926434402005476
44.82522696001799
44.71849946791073
44.60625071697452
44.48868868756121
44.36564173229789
44.23776928194921
44.10509876220389
43.967623648962984
43.825828371516366
43.6818330192613
43.53499670104492
43.38531034108416
43.23369352631849
43.079119869029256
42.92191751003215
42.76316719631057
42.60260525374981
42.44006877682061
42.276332438414535
42.11221929793505
41.946947716425974
41.780602525762426
41.61495117784496
41.4484771292701
41.28081349771608
41.112825121524196
40.945126473374906
40.776311964413885
40.606940569055524
40.43981562919827
40.27181948933988
40.10326742377196
39.93662621585697
39.77107644654688
39.605403871026354
39.439956569386666
39.27591405492201
39.11061970924661
38.94419111989869
38.77962261432601
38.615144912696465
38.44878927439189
38.280740364315875
38.113435608512276
37.953196080993315
37.800437230747434
37.65210652875118
37.503562156497324
37.35321931138638
37.20215360543091
37.05071349216869
36.89663352936269
36.73956296252279
36.582072367525065
36.434274854458764
36.28902288292361
36.143363405926415
35.99750393420515
35.850020562105804
35.70071897904224
35.55395163713252
35.40298705994014
35.24773898774635
35.09023261142361
34.933004482796825
34.77230040496935
34.60811638553841
34.44903358377061
34.29060440865982
34.130876950549464
33.97221590773724
33.816525579452254
33.65751634514778
33.49465426081125
33.36124588717375
33.22491916869861
33.085745726836734
32.94768371823213
32.80685168741777
32.66095273937433
32.510753160322054
32.37800911793574
32.24946572641397
32.12563781743662
32.004708930792376
31.883104883312107
31.759241606142062
31.634063058858885
31.514042910489472
31.39363090683136
31.273077279589515
31.160698981249357
31.050109570397588
30.938223258963504
30.826161469497862
30.722385346047524
30.620551883900387
30.520307237140347
30.42727062126656
30.33738244869308
30.251077239507005
30.17547759984537
30.103334511793207
30.03147403463213
29.959822805815303
29.89165987379243
29.822530396957397
29.75338005983468
29.68638642009226
29.624398133530445
29.566361607512455
29.513094416135083
29.464855918575335
29.413696107181384
29.357479888550497
29.295677059271338
29.24423418851879
29.192331325741264
29.13666042170099
29.06597955308353
28.992850497604515
28.912032385398412
28.829368977153642
28.746304871195463
28.662238027798494
28.581050074050054
28.50854972399338
28.428253855871127
28.342421850453317
28.264796907858084
28.187615021846252
28.108180282323392
28.027505132176884
27.953599515133643
27.87271459553377
27.78537936941294
27.714252930036082
27.64657220536307
27.57820948450472
27.51440160702271
27.483839052167504
27.45346681624423
27.42122473709566
27.397529582942724
27.37358862262077
27.346954903690648
27.322674332950264
27.308714133814856
27.298475071912577
27.29327476777322
27.309614638416637
27.34977227974431
27.398697477881065
27.44710061050126
27.494431358054474
27.53810919051413
27.578292541670326
27.62553254338696
27.668147649795145
27.707877285175858
27.75281962102696
27.805341268273168
27.85326198281715
27.896437143070454
27.94563728582047
27.992144704108668
28.03250898524521
28.071614737309353
28.118879562232234
28.164592830956472
28.209319407487765
28.258957348281367
28.305435983595586
28.3461192481443
28.38470447916855
28.424052508925207
28.45960635653684
28.49110237062236
28.526155363787893
28.558393134828446
28.589321390824473
28.62945379640022
28.672425281578665
28.71333239883058
28.751793697662343
28.78977379165555
28.82387382050183
28.853743455673527
28.89020296040245
28.916970939939297
28.93851163219229
28.96494234029043
28.999077820064382
29.0324820050101
29.06590280605805
29.1025979366634
29.138875121889264
29.17209564229686
29.207002758499762
29.246273224011965
29.280223350118586
29.30567033561208
29.352541588722804
29.39314277955471
29.428602040814344
29.467502683508897
29.511951526054624
29.552370190761618
29.586127160420602
29.624756790590258
29.664215417469382
29.703941532427812
29.751716098756287
29.796656920624724
29.835597532551915
29.869053615372014
29.907548034406723
29.94095670227908
29.969244485012535
29.99529834909488
30.015914936520616
30.02957328426399
30.03708573854519
30.045120870687306
30.051756386355393
30.065773066386832
30.142212305423953
30.214672729754845
30.286905773460244
30.368641038684128
30.45236279411448
30.53243178913366
30.61006522023393
30.694720808579785
30.783627818147288
30.875822370563792
30.976221090726977
31.07999925932722
31.1811519092161
31.279448452774652
31.380319148617453
31.482473725025482
31.583828168422855
31.687490135188416
31.79854207623737
31.908222513502793
32.01563595809522
32.12378721890489
32.231390539715974
32.337815463556424
32.44735796201885
32.558263809199765
32.669849145836245
32.784265015266186
32.90637924379896
33.03660803458332
33.17179567162973
33.30794224594852
33.44818903120375
33.5914866357554
33.739098009135965
33.895802677854846
34.05303539178771
34.21011252635155
34.371978691376285
34.539855961293625
34.70794194685743
34.8754749167601
35.04948488427146
35.222479052840114
35.39398324107692
35.56811446863089
35.7433687334622
35.91768470604745
36.09223009959036
36.26843194701499
36.44365374387738
36.61823577004304
36.79605954194854
36.972388513560865
37.14731591218226
37.32307105243835
37.498739606748956
37.672415862048005
37.844538079701415
38.01869915300422
38.19361499878959
38.367383795673135
38.540565607552665
38.714861098452
38.887163722801525
39.05816937405605
39.23362902543859
39.40944710285914
39.58533895066946
39.76405489375989
39.94243721924103
40.11865368438941
40.29244490173637
40.46059148632236
40.62683754347517
40.78991636094428
40.951635187302365
41.11426071664042
41.27676544214976
41.43989188159888
41.60480923039469
41.76776943953356
41.92902213535736
42.09011557551573
42.25104649034347
42.410659556278006
42.568897410159174
42.72641835040635
42.881855299302664
43.03513652595184
43.18711859840083
43.33683638847262
43.483115186870656
43.62667784941736
43.76795763482663
43.9056076366389
44.03996948202949
44.17123477374323
44.299092633677056
44.423092505892555
44.54280688725901
44.658413224710316
44.76887886986457
44.87394734051744
44.97379284329651
45.068116098527895
45.15642315673175
45.23826683099423
45.314005554711784
45.382858166023006
45.444814252329586
45.500043936225715
45.54813681201212
45.58942992064726
45.62342319493408
45.64999110345797
45.66965900398967
45.68241244159809
