0.0427134010272507
0.04287290109370541
0.04301254421535028
0.043124493683182705
0.04323115115128734
0.043347288901454055
0.043447071528242294
0.04352816463657557
0.043623741499060294
0.043701768387733424
0.04376279055629696
0.04382795474809973
0.04387568778755776
0.04389108187597399
0.04387924994438663
0.04387529870222767
0.043851063290948615
0.04381017869779222
0.043788228322260474
0.043744328696711465
0.043668725069918236
0.043570480170209994
0.04349038463507305
0.04342342902656572
0.04336752318246199
0.043303668850525404
0.043222578743746895
0.043113206255357306
0.042982544396461944
0.04284513117119302
0.04268384600363669
0.04250355526626096
0.04233715239075406
0.042152172906183324
0.041947700161935005
0.041735579115820085
0.04151408017442467
0.04131877020317373
0.0411617520824236
0.04103383077164271
0.04089662105817358
0.040744382158452185
0.04059723013497897
0.04045849281463525
0.0403188333041943
0.040179976361381674
0.040067975829865925
0.03995456233348537
0.0398407839183656
0.03974537783018408
0.039640890393455114
0.03952082307317467
0.03938971644276258
0.03927224487603608
0.039154663767085145
0.03903618308217651
0.038922943556283715
0.038814044062070535
0.03870216000657762
0.03858603355950364
0.038426580165735635
0.03825268235478353
0.03808092628391314
0.03793050503123095
0.037812081984535
0.037699728890221114
0.037589231766123124
0.03747831510826863
0.03735793526311351
0.03723095302526302
0.037137557674127346
0.0370354800781383
0.036915741939720324
0.03678569639816733
0.036668807465636055
0.036559996893164075
0.03646119319419203
0.03638358445466776
0.03629803925742627
0.036203783925523175
0.03611559529808176
0.036041326345255455
0.035958807815132825
0.035869477957181976
0.03580295058346723
0.03575314272696094
0.03570640811766317
0.03566310095599087
0.03563751284295778
0.035594922166527
0.035526053472998406
0.035465275301821995
0.035399245277388476
0.035318080513835795
0.0352276499418508
0.03511800025724435
0.034997068878277436
0.03487481261149993
0.03475666149789412
0.03461373645127987
0.03444967344707303
0.03428180147404446
0.03411404625904795
0.03394474943824869
0.03378453856516405
0.0336416674342241
0.03352479587665945
0.03342869883284928
0.03333896986240801
0.033268122562323615
0.033194923869684735
0.03311804504044934
0.03303575234437437
0.03295521092586495
0.03287875488729746
0.03282334925173857
0.03276834693397597
0.03270050202986237
0.03261849682553625
0.032560111724083476
0.032497485970249644
0.03242903062957816
0.03235899205388837
0.03227956653303395
0.03219984956542426
0.03214721551038716
0.03209785304831923
0.03203463713075995
0.03195863799047744
0.03191107294807422
0.03186845965350089
0.03182396059045027
0.03177267483334444
0.0317180078209463
0.03164864831010782
0.031567268215582894
0.03144062484501125
0.031305564554200485
0.031165605984463135
0.03103915879970894
0.03090294186281925
0.0307491014779422
0.03057850594050062
0.03042049847538052
0.03028480044355656
0.03016654057925909
0.03006490681165939
0.02995959962782848
0.02983709198033109
0.029699076626919084
0.029582695219835854
0.02945930434350749
0.02933310688941902
0.02925306702261081
0.029182465378826142
0.029111352810882937
0.029038871719145935
0.02896089375916041
0.028871316157573934
0.02877132853454512
0.028672137611134307
0.02856533096654067
0.028451483648055345
0.02834645161253554
0.028277366400047927
0.02819385388808161
0.028091675455670338
0.028014254041343955
0.027931815664870113
0.02784539584467222
0.027772109524994017
0.027696784258962326
0.027640818845077016
0.027611571738326925
0.027594405398698087
0.027565777505962275
0.02752746499876772
0.027499491512058362
0.027478665480905627
0.027450426883201318
0.027415299816765458
0.02739964039036751
0.027377637986027135
0.02734674363675373
0.027324082843067445
0.027296594300118392
0.027262413716121522
0.027228256839627835
0.027232651494524675
0.027235043679257186
0.027232393279840627
0.0272293123445273
0.027218554507000014
0.02719160839564631
0.027149943905997086
0.027115695344182036
0.027077834103978765
0.027033833644341042
0.02698690036397094
0.02692082457718762
0.026841032214435064
0.02677293749446775
0.02671817507132086
0.02666639164895904
0.026616941862800073
0.026569834005619363
0.026531212003726642
0.026485788253774383
0.02643956741115893
0.026407505246701962
0.02637870539635009
0.026347154986943563
0.026318880861315414
0.026296785267425994
0.026273125469171627
0.026247924485195938
0.02623791694256925
0.02627596055384309
0.0263716072752603
0.026472931067636443
0.02658081620785771
0.02670234984709985
0.026839637194915313
0.02697718651083903
0.027111884761550985
0.027248491672529213
0.02740077200268726
0.027561064241400483
0.027722756324164436
0.02788670938591543
0.028052004313874137
0.02821776680807448
0.028389222484040584
0.028792163561098347
0.029202997819998702
0.02961178497335991
0.030020470732083852
0.03045286838605161
0.030887637787868346
0.03131737170660217
0.03163107281050454
0.03190958628699642
0.03218308166682662
0.0324625474716147
0.0327361714427222
0.03300446138304917
0.03327086541651881
0.033530082137180964
0.03377295746914895
0.03400197127756747
0.0342457499898747
0.0344794967174586
0.034696424398577154
0.03490245363297825
0.03512367720886464
0.03532952733656074
0.03551992336031022
0.035707996205783715
0.035883979647116725
0.03604401679758765
0.03619856812564794
0.03635422094353594
0.03649315528903163
0.03661506908522557
0.0367533889326964
0.03687629316123275
0.03698664472420982
0.03710412386029076
0.03720281081441868
0.03727118335484573
0.03731121503075997
0.03736983255687422
0.037411084747138355
0.03743528162793837
0.03745603043397802
0.03746271225041216
0.03745713640364588
0.03744717603788624
0.03744307114452402
0.03743206838940649
0.0374117180400403
0.037388701708579046
0.03737201999518451
0.03735558087634544
0.037348222396820806
0.03738223383295321
0.03740998945628957
0.03742927501138068
0.037468682611375675
0.037512048098063425
0.03755123410943727
0.03759246320392504
0.037625463615867834
0.03765051363804518
0.03767186379346808
0.03771348403732758
0.03774299670834226
0.03776360146432934
0.03779241733274485
0.037835190966239884
0.03787614820489463
0.037915646485573086
0.03796736450871154
0.03802255219754146
0.03807112766088532
0.038120802545782824
0.038196016239735855
0.03826750425319963
0.038328734633563975
0.03842047979484366
0.03849400518275628
0.038554860278041565
0.03862546126511116
0.03871880326770278
0.03879811175990376
0.03885296828350063
0.038849443122848965
0.038843993629954034
0.038830943959492374
0.03881899704934166
0.038800546236585076
0.03876370089856121
0.038711539808724056
0.03867854300880875
0.0386239196699286
0.03854813163669035
0.03846815769122368
0.03838092668192492
0.038274911553672186
0.03815048315089812
0.03802261530308216
0.03789012136807901
0.0377901362666427
0.037938602844504725
0.03811059078657754
0.03828475432196011
0.03845729712472664
0.03867671310586452
0.038897618873606904
0.039115439190507646
0.03934213644840816
0.03955665297161135
0.03974870281897181
0.039918136367010346
0.04013750771281584
0.04033766558501596
0.040515325161840116
0.040707892485583604
0.04088883451914053
0.04105701960888844
0.04122786049117922
0.04140272802326691
0.041565519909562455
0.04171413830408934
0.04186629205211528
0.04200209151324809
0.04212567627462326
0.04226710378334032
0.042422952887567346
0.042572986292146356
0.04271340102725071
