 numangles= 181
  g= 5.99782D-01
   scat. angle           m2               m1              s21              d21           phase func.      polarization  
    0.0000D+00       9.1312D+00       9.1312D+00       9.1312D+00       0.0000D+00       9.1312D+00       0.0000D+00
    1.0000D+00       9.1189D+00       9.1191D+00       9.1190D+00       1.8112D-03       9.1190D+00       9.5050D-06
    2.0000D+00       9.0820D+00       9.0827D+00       9.0823D+00       7.2072D-03       9.0823D+00       3.8002D-05
    3.0000D+00       9.0210D+00       9.0225D+00       9.0217D+00       1.6077D-02       9.0218D+00       8.5440D-05
    4.0000D+00       8.9366D+00       8.9393D+00       8.9379D+00       2.8238D-02       8.9379D+00       1.5174D-04
    5.0000D+00       8.8298D+00       8.8339D+00       8.8317D+00       4.3443D-02       8.8318D+00       2.3680D-04
    6.0000D+00       8.7017D+00       8.7076D+00       8.7043D+00       6.1389D-02       8.7047D+00       3.4054D-04
    7.0000D+00       8.5539D+00       8.5618D+00       8.5572D+00       8.1723D-02       8.5579D+00       4.6286D-04
    8.0000D+00       8.3879D+00       8.3980D+00       8.3918D+00       1.0405D-01       8.3930D+00       6.0374D-04
    9.0000D+00       8.2055D+00       8.2180D+00       8.2100D+00       1.2796D-01       8.2117D+00       7.6320D-04
    1.0000D+01       8.0085D+00       8.0236D+00       8.0134D+00       1.5302D-01       8.0160D+00       9.4137D-04
    1.1000D+01       7.7989D+00       7.8167D+00       7.8041D+00       1.7878D-01       7.8078D+00       1.1385D-03
    1.2000D+01       7.5786D+00       7.5992D+00       7.5839D+00       2.0482D-01       7.5889D+00       1.3550D-03
    1.3000D+01       7.3497D+00       7.3731D+00       7.3548D+00       2.3072D-01       7.3614D+00       1.5915D-03
    1.4000D+01       7.1140D+00       7.1403D+00       7.1186D+00       2.5609D-01       7.1271D+00       1.8489D-03
    1.5000D+01       6.8734D+00       6.9027D+00       6.8773D+00       2.8057D-01       6.8881D+00       2.1282D-03
    1.6000D+01       6.6297D+00       6.6621D+00       6.6327D+00       3.0386D-01       6.6459D+00       2.4308D-03
    1.7000D+01       6.3847D+00       6.4200D+00       6.3864D+00       3.2568D-01       6.4024D+00       2.7584D-03
    1.8000D+01       6.1398D+00       6.1782D+00       6.1399D+00       3.4579D-01       6.1590D+00       3.1130D-03
    1.9000D+01       5.8965D+00       5.9379D+00       5.8948D+00       3.6404D-01       5.9172D+00       3.4971D-03
    2.0000D+01       5.6560D+00       5.7004D+00       5.6523D+00       3.8028D-01       5.6782D+00       3.9133D-03
    2.1000D+01       5.4195D+00       5.4670D+00       5.4136D+00       3.9443D-01       5.4432D+00       4.3648D-03
    2.2000D+01       5.1878D+00       5.2384D+00       5.1796D+00       4.0645D-01       5.2131D+00       4.8548D-03
    2.3000D+01       4.9618D+00       5.0156D+00       4.9512D+00       4.1635D-01       4.9887D+00       5.3871D-03
    2.4000D+01       4.7422D+00       4.7991D+00       4.7291D+00       4.2416D-01       4.7707D+00       5.9657D-03
    2.5000D+01       4.5295D+00       4.5896D+00       4.5138D+00       4.2994D-01       4.5595D+00       6.5947D-03
    2.6000D+01       4.3240D+00       4.3874D+00       4.3057D+00       4.3379D-01       4.3557D+00       7.2784D-03
    2.7000D+01       4.1260D+00       4.1928D+00       4.1053D+00       4.3582D-01       4.1594D+00       8.0214D-03
    2.8000D+01       3.9358D+00       4.0059D+00       3.9127D+00       4.3615D-01       3.9708D+00       8.8282D-03
    2.9000D+01       3.7533D+00       3.8269D+00       3.7279D+00       4.3493D-01       3.7901D+00       9.7031D-03
    3.0000D+01       3.5787D+00       3.6557D+00       3.5511D+00       4.3230D-01       3.6172D+00       1.0651D-02
    3.1000D+01       3.4117D+00       3.4923D+00       3.3821D+00       4.2841D-01       3.4520D+00       1.1675D-02
    3.2000D+01       3.2523D+00       3.3366D+00       3.2208D+00       4.2341D-01       3.2945D+00       1.2781D-02
    3.3000D+01       3.1004D+00       3.1883D+00       3.0672D+00       4.1743D-01       3.1443D+00       1.3971D-02
    3.4000D+01       2.9556D+00       3.0472D+00       2.9209D+00       4.1062D-01       3.0014D+00       1.5250D-02
    3.5000D+01       2.8179D+00       2.9131D+00       2.7818D+00       4.0310D-01       2.8655D+00       1.6620D-02
    3.6000D+01       2.6868D+00       2.7858D+00       2.6495D+00       3.9500D-01       2.7363D+00       1.8085D-02
    3.7000D+01       2.5622D+00       2.6649D+00       2.5239D+00       3.8643D-01       2.6135D+00       1.9646D-02
    3.8000D+01       2.4437D+00       2.5501D+00       2.4046D+00       3.7748D-01       2.4969D+00       2.1306D-02
    3.9000D+01       2.3312D+00       2.4413D+00       2.2913D+00       3.6825D-01       2.3862D+00       2.3067D-02
    4.0000D+01       2.2242D+00       2.3380D+00       2.1838D+00       3.5883D-01       2.2811D+00       2.4929D-02
    4.1000D+01       2.1226D+00       2.2400D+00       2.0818D+00       3.4927D-01       2.1813D+00       2.6893D-02
    4.2000D+01       2.0261D+00       2.1470D+00       1.9849D+00       3.3965D-01       2.0865D+00       2.8960D-02
    4.3000D+01       1.9344D+00       2.0587D+00       1.8929D+00       3.3001D-01       1.9966D+00       3.1130D-02
    4.4000D+01       1.8473D+00       1.9749D+00       1.8056D+00       3.2041D-01       1.9111D+00       3.3402D-02
    4.5000D+01       1.7644D+00       1.8954D+00       1.7226D+00       3.1087D-01       1.8299D+00       3.5776D-02
    4.6000D+01       1.6857D+00       1.8198D+00       1.6438D+00       3.0143D-01       1.7527D+00       3.8250D-02
    4.7000D+01       1.6109D+00       1.7480D+00       1.5689D+00       2.9213D-01       1.6794D+00       4.0822D-02
    4.8000D+01       1.5397D+00       1.6797D+00       1.4977D+00       2.8296D-01       1.6097D+00       4.3492D-02
    4.9000D+01       1.4720D+00       1.6148D+00       1.4300D+00       2.7397D-01       1.5434D+00       4.6257D-02
    5.0000D+01       1.4077D+00       1.5531D+00       1.3656D+00       2.6515D-01       1.4804D+00       4.9115D-02
    5.1000D+01       1.3464D+00       1.4943D+00       1.3043D+00       2.5652D-01       1.4204D+00       5.2062D-02
    5.2000D+01       1.2881D+00       1.4383D+00       1.2460D+00       2.4808D-01       1.3632D+00       5.5096D-02
    5.3000D+01       1.2327D+00       1.3850D+00       1.1904D+00       2.3984D-01       1.3088D+00       5.8214D-02
    5.4000D+01       1.1798D+00       1.3342D+00       1.1374D+00       2.3181D-01       1.2570D+00       6.1411D-02
    5.5000D+01       1.1296D+00       1.2858D+00       1.0869D+00       2.2397D-01       1.2077D+00       6.4685D-02
    5.6000D+01       1.0817D+00       1.2396D+00       1.0388D+00       2.1634D-01       1.1607D+00       6.8031D-02
    5.7000D+01       1.0361D+00       1.1955D+00       9.9293D-01       2.0891D-01       1.1158D+00       7.1444D-02
    5.8000D+01       9.9268D-01       1.1535D+00       9.4913D-01       2.0167D-01       1.0731D+00       7.4919D-02
    5.9000D+01       9.5132D-01       1.1133D+00       9.0734D-01       1.9463D-01       1.0323D+00       7.8453D-02
    6.0000D+01       9.1191D-01       1.0749D+00       8.6743D-01       1.8779D-01       9.9341D-01       8.2039D-02
    6.1000D+01       8.7437D-01       1.0382D+00       8.2932D-01       1.8113D-01       9.5630D-01       8.5673D-02
    6.2000D+01       8.3861D-01       1.0032D+00       7.9291D-01       1.7466D-01       9.2088D-01       8.9347D-02
    6.3000D+01       8.0453D-01       9.6963D-01       7.5812D-01       1.6837D-01       8.8708D-01       9.3057D-02
    6.4000D+01       7.7206D-01       9.3754D-01       7.2486D-01       1.6226D-01       8.5480D-01       9.6796D-02
    6.5000D+01       7.4112D-01       9.0683D-01       6.9306D-01       1.5631D-01       8.2398D-01       1.0056D-01
    6.6000D+01       7.1164D-01       8.7744D-01       6.6265D-01       1.5054D-01       7.9454D-01       1.0433D-01
    6.7000D+01       6.8356D-01       8.4929D-01       6.3355D-01       1.4492D-01       7.6642D-01       1.0812D-01
    6.8000D+01       6.5680D-01       8.2233D-01       6.0570D-01       1.3947D-01       7.3956D-01       1.1191D-01
    6.9000D+01       6.3131D-01       7.9649D-01       5.7905D-01       1.3416D-01       7.1390D-01       1.1569D-01
    7.0000D+01       6.0703D-01       7.7173D-01       5.5354D-01       1.2901D-01       6.8938D-01       1.1945D-01
    7.1000D+01       5.8391D-01       7.4798D-01       5.2910D-01       1.2400D-01       6.6595D-01       1.2319D-01
    7.2000D+01       5.6189D-01       7.2522D-01       5.0569D-01       1.1913D-01       6.4355D-01       1.2690D-01
    7.3000D+01       5.4092D-01       7.0338D-01       4.8327D-01       1.1440D-01       6.2215D-01       1.3057D-01
    7.4000D+01       5.2096D-01       6.8243D-01       4.6177D-01       1.0979D-01       6.0169D-01       1.3418D-01
    7.5000D+01       5.0195D-01       6.6232D-01       4.4117D-01       1.0532D-01       5.8214D-01       1.3774D-01
    7.6000D+01       4.8387D-01       6.4302D-01       4.2142D-01       1.0097D-01       5.6344D-01       1.4122D-01
    7.7000D+01       4.6667D-01       6.2448D-01       4.0248D-01       9.6740D-02       5.4558D-01       1.4463D-01
    7.8000D+01       4.5031D-01       6.0668D-01       3.8432D-01       9.2627D-02       5.2850D-01       1.4794D-01
    7.9000D+01       4.3476D-01       5.8958D-01       3.6689D-01       8.8627D-02       5.1217D-01       1.5115D-01
    8.0000D+01       4.1997D-01       5.7316D-01       3.5017D-01       8.4737D-02       4.9656D-01       1.5424D-01
    8.1000D+01       4.0592D-01       5.5737D-01       3.3412D-01       8.0954D-02       4.8165D-01       1.5721D-01
    8.2000D+01       3.9258D-01       5.4219D-01       3.1871D-01       7.7275D-02       4.6739D-01       1.6004D-01
    8.3000D+01       3.7992D-01       5.2760D-01       3.0392D-01       7.3696D-02       4.5376D-01       1.6272D-01
    8.4000D+01       3.6791D-01       5.1356D-01       2.8972D-01       7.0215D-02       4.4073D-01       1.6524D-01
    8.5000D+01       3.5651D-01       5.0006D-01       2.7608D-01       6.6828D-02       4.2829D-01       1.6759D-01
    8.6000D+01       3.4572D-01       4.8707D-01       2.6298D-01       6.3535D-02       4.1639D-01       1.6974D-01
    8.7000D+01       3.3549D-01       4.7458D-01       2.5039D-01       6.0330D-02       4.0503D-01       1.7170D-01
    8.8000D+01       3.2581D-01       4.6254D-01       2.3829D-01       5.7213D-02       3.9418D-01       1.7344D-01
    8.9000D+01       3.1666D-01       4.5096D-01       2.2666D-01       5.4181D-02       3.8381D-01       1.7495D-01
    9.0000D+01       3.0802D-01       4.3981D-01       2.1549D-01       5.1232D-02       3.7391D-01       1.7623D-01
    9.1000D+01       2.9986D-01       4.2907D-01       2.0474D-01       4.8363D-02       3.6446D-01       1.7726D-01
    9.2000D+01       2.9217D-01       4.1872D-01       1.9441D-01       4.5573D-02       3.5544D-01       1.7802D-01
    9.3000D+01       2.8492D-01       4.0875D-01       1.8447D-01       4.2859D-02       3.4684D-01       1.7851D-01
    9.4000D+01       2.7811D-01       3.9914D-01       1.7491D-01       4.0220D-02       3.3862D-01       1.7871D-01
    9.5000D+01       2.7171D-01       3.8988D-01       1.6571D-01       3.7654D-02       3.3079D-01       1.7861D-01
    9.6000D+01       2.6570D-01       3.8095D-01       1.5687D-01       3.5159D-02       3.2332D-01       1.7821D-01
    9.7000D+01       2.6008D-01       3.7233D-01       1.4835D-01       3.2733D-02       3.1621D-01       1.7749D-01
    9.8000D+01       2.5483D-01       3.6403D-01       1.4015D-01       3.0375D-02       3.0943D-01       1.7644D-01
    9.9000D+01       2.4994D-01       3.5601D-01       1.3225D-01       2.8085D-02       3.0297D-01       1.7506D-01
    1.0000D+02       2.4538D-01       3.4828D-01       1.2465D-01       2.5859D-02       2.9683D-01       1.7334D-01
    1.0100D+02       2.4115D-01       3.4082D-01       1.1733D-01       2.3697D-02       2.9099D-01       1.7126D-01
    1.0200D+02       2.3724D-01       3.3362D-01       1.1027D-01       2.1598D-02       2.8543D-01       1.6883D-01
    1.0300D+02       2.3363D-01       3.2667D-01       1.0347D-01       1.9561D-02       2.8015D-01       1.6605D-01
    1.0400D+02       2.3032D-01       3.1995D-01       9.6908D-02       1.7584D-02       2.7514D-01       1.6289D-01
    1.0500D+02       2.2729D-01       3.1347D-01       9.0584D-02       1.5668D-02       2.7038D-01       1.5938D-01
    1.0600D+02       2.2453D-01       3.0721D-01       8.4482D-02       1.3810D-02       2.6587D-01       1.5549D-01
    1.0700D+02       2.2203D-01       3.0116D-01       7.8594D-02       1.2011D-02       2.6159D-01       1.5124D-01
    1.0800D+02       2.1979D-01       2.9531D-01       7.2909D-02       1.0271D-02       2.5755D-01       1.4662D-01
    1.0900D+02       2.1778D-01       2.8966D-01       6.7419D-02       8.5876D-03       2.5372D-01       1.4164D-01
    1.1000D+02       2.1602D-01       2.8420D-01       6.2113D-02       6.9623D-03       2.5011D-01       1.3630D-01
    1.1100D+02       2.1448D-01       2.7892D-01       5.6984D-02       5.3946D-03       2.4670D-01       1.3060D-01
    1.1200D+02       2.1315D-01       2.7381D-01       5.2023D-02       3.8849D-03       2.4348D-01       1.2456D-01
    1.1300D+02       2.1204D-01       2.6887D-01       4.7221D-02       2.4337D-03       2.4045D-01       1.1817D-01
    1.1400D+02       2.1112D-01       2.6408D-01       4.2571D-02       1.0417D-03       2.3760D-01       1.1146D-01
    1.1500D+02       2.1039D-01       2.5946D-01       3.8065D-02      -2.8993D-04       2.3493D-01       1.0442D-01
    1.1600D+02       2.0985D-01       2.5498D-01       3.3693D-02      -1.5599D-03       2.3241D-01       9.7076D-02
    1.1700D+02       2.0948D-01       2.5063D-01       2.9450D-02      -2.7667D-03       2.3006D-01       8.9436D-02
    1.1800D+02       2.0928D-01       2.4643D-01       2.5327D-02      -3.9081D-03       2.2785D-01       8.1516D-02
    1.1900D+02       2.0923D-01       2.4235D-01       2.1316D-02      -4.9817D-03       2.2579D-01       7.3334D-02
    1.2000D+02       2.0933D-01       2.3839D-01       1.7410D-02      -5.9849D-03       2.2386D-01       6.4907D-02
    1.2100D+02       2.0957D-01       2.3455D-01       1.3600D-02      -6.9143D-03       2.2206D-01       5.6256D-02
    1.2200D+02       2.0993D-01       2.3082D-01       9.8794D-03      -7.7664D-03       2.2038D-01       4.7402D-02
    1.2300D+02       2.1041D-01       2.2720D-01       6.2396D-03      -8.5370D-03       2.1880D-01       3.8368D-02
    1.2400D+02       2.1099D-01       2.2367D-01       2.6726D-03      -9.2217D-03       2.1733D-01       2.9179D-02
    1.2500D+02       2.1166D-01       2.2023D-01      -8.3008D-04      -9.8153D-03       2.1594D-01       1.9862D-02
    1.2600D+02       2.1240D-01       2.1689D-01      -4.2769D-03      -1.0313D-02       2.1464D-01       1.0444D-02
    1.2700D+02       2.1321D-01       2.1362D-01      -7.6768D-03      -1.0708D-02       2.1341D-01       9.5637D-04
    1.2800D+02       2.1407D-01       2.1043D-01      -1.1039D-02      -1.0994D-02       2.1225D-01      -8.5703D-03
    1.2900D+02       2.1496D-01       2.0731D-01      -1.4372D-02      -1.1166D-02       2.1113D-01      -1.8103D-02
    1.3000D+02       2.1586D-01       2.0426D-01      -1.7686D-02      -1.1216D-02       2.1006D-01      -2.7606D-02
    1.3100D+02       2.1676D-01       2.0128D-01      -2.0990D-02      -1.1138D-02       2.0902D-01      -3.7043D-02
    1.3200D+02       2.1764D-01       1.9835D-01      -2.4296D-02      -1.0924D-02       2.0800D-01      -4.6376D-02
    1.3300D+02       2.1848D-01       1.9548D-01      -2.7612D-02      -1.0569D-02       2.0698D-01      -5.5565D-02
    1.3400D+02       2.1927D-01       1.9267D-01      -3.0950D-02      -1.0065D-02       2.0597D-01      -6.4569D-02
    1.3500D+02       2.1997D-01       1.8991D-01      -3.4320D-02      -9.4076D-03       2.0494D-01      -7.3343D-02
    1.3600D+02       2.2059D-01       1.8721D-01      -3.7734D-02      -8.5911D-03       2.0390D-01      -8.1843D-02
    1.3700D+02       2.2109D-01       1.8457D-01      -4.1202D-02      -7.6118D-03       2.0283D-01      -9.0021D-02
    1.3800D+02       2.2145D-01       1.8199D-01      -4.4735D-02      -6.4672D-03       2.0172D-01      -9.7830D-02
    1.3900D+02       2.2168D-01       1.7947D-01      -4.8345D-02      -5.1564D-03       2.0057D-01      -1.0522D-01
    1.4000D+02       2.2174D-01       1.7703D-01      -5.2042D-02      -3.6806D-03       1.9938D-01      -1.1214D-01
    1.4100D+02       2.2164D-01       1.7467D-01      -5.5838D-02      -2.0432D-03       1.9815D-01      -1.1853D-01
    1.4200D+02       2.2136D-01       1.7240D-01      -5.9743D-02      -2.5033D-04       1.9688D-01      -1.2434D-01
    1.4300D+02       2.2090D-01       1.7024D-01      -6.3768D-02       1.6890D-03       1.9557D-01      -1.2951D-01
    1.4400D+02       2.2026D-01       1.6821D-01      -6.7923D-02       3.7627D-03       1.9424D-01      -1.3399D-01
    1.4500D+02       2.1945D-01       1.6632D-01      -7.2218D-02       5.9551D-03       1.9288D-01      -1.3773D-01
    1.4600D+02       2.1847D-01       1.6459D-01      -7.6661D-02       8.2469D-03       1.9153D-01      -1.4066D-01
    1.4700D+02       2.1735D-01       1.6305D-01      -8.1260D-02       1.0616D-02       1.9020D-01      -1.4274D-01
    1.4800D+02       2.1609D-01       1.6172D-01      -8.6022D-02       1.3035D-02       1.8890D-01      -1.4392D-01
    1.4900D+02       2.1474D-01       1.6062D-01      -9.0954D-02       1.5474D-02       1.8768D-01      -1.4417D-01
    1.5000D+02       2.1331D-01       1.5979D-01      -9.6060D-02       1.7901D-02       1.8655D-01      -1.4345D-01
    1.5100D+02       2.1186D-01       1.5926D-01      -1.0134D-01       2.0280D-02       1.8556D-01      -1.4174D-01
    1.5200D+02       2.1041D-01       1.5904D-01      -1.0680D-01       2.2573D-02       1.8473D-01      -1.3904D-01
    1.5300D+02       2.0902D-01       1.5917D-01      -1.1244D-01       2.4741D-02       1.8410D-01      -1.3537D-01
    1.5400D+02       2.0773D-01       1.5968D-01      -1.1825D-01       2.6744D-02       1.8370D-01      -1.3077D-01
    1.5500D+02       2.0659D-01       1.6058D-01      -1.2423D-01       2.8541D-02       1.8359D-01      -1.2528D-01
    1.5600D+02       2.0564D-01       1.6190D-01      -1.3037D-01       3.0096D-02       1.8377D-01      -1.1900D-01
    1.5700D+02       2.0495D-01       1.6366D-01      -1.3666D-01       3.1371D-02       1.8430D-01      -1.1203D-01
    1.5800D+02       2.0454D-01       1.6585D-01      -1.4309D-01       3.2335D-02       1.8520D-01      -1.0448D-01
    1.5900D+02       2.0447D-01       1.6848D-01      -1.4963D-01       3.2962D-02       1.8647D-01      -9.6499D-02
    1.6000D+02       2.0476D-01       1.7155D-01      -1.5626D-01       3.3230D-02       1.8816D-01      -8.8239D-02
    1.6100D+02       2.0543D-01       1.7505D-01      -1.6296D-01       3.3125D-02       1.9024D-01      -7.9852D-02
    1.6200D+02       2.0651D-01       1.7895D-01      -1.6970D-01       3.2641D-02       1.9273D-01      -7.1493D-02
    1.6300D+02       2.0799D-01       1.8323D-01      -1.7645D-01       3.1783D-02       1.9561D-01      -6.3305D-02
    1.6400D+02       2.0988D-01       1.8784D-01      -1.8317D-01       3.0561D-02       1.9886D-01      -5.5418D-02
    1.6500D+02       2.1214D-01       1.9273D-01      -1.8981D-01       2.8999D-02       2.0243D-01      -4.7940D-02
    1.6600D+02       2.1475D-01       1.9785D-01      -1.9635D-01       2.7128D-02       2.0630D-01      -4.0957D-02
    1.6700D+02       2.1766D-01       2.0312D-01      -2.0273D-01       2.4988D-02       2.1039D-01      -3.4534D-02
    1.6800D+02       2.2081D-01       2.0849D-01      -2.0890D-01       2.2629D-02       2.1465D-01      -2.8707D-02
    1.6900D+02       2.2415D-01       2.1386D-01      -2.1482D-01       2.0106D-02       2.1901D-01      -2.3494D-02
    1.7000D+02       2.2760D-01       2.1915D-01      -2.2043D-01       1.7483D-02       2.2337D-01      -1.8893D-02
    1.7100D+02       2.3107D-01       2.2429D-01      -2.2569D-01       1.4826D-02       2.2768D-01      -1.4887D-02
    1.7200D+02       2.3448D-01       2.2917D-01      -2.3056D-01       1.2204D-02       2.3182D-01      -1.1448D-02
    1.7300D+02       2.3774D-01       2.3372D-01      -2.3497D-01       9.6865D-03       2.3573D-01      -8.5404D-03
    1.7400D+02       2.4078D-01       2.3785D-01      -2.3890D-01       7.3421D-03       2.3931D-01      -6.1253D-03
    1.7500D+02       2.4350D-01       2.4149D-01      -2.4229D-01       5.2349D-03       2.4250D-01      -4.1629D-03
    1.7600D+02       2.4585D-01       2.4456D-01      -2.4512D-01       3.4233D-03       2.4520D-01      -2.6154D-03
    1.7700D+02       2.4774D-01       2.4702D-01      -2.4735D-01       1.9581D-03       2.4738D-01      -1.4493D-03
    1.7800D+02       2.4913D-01       2.4881D-01      -2.4897D-01       8.8073D-04       2.4897D-01      -6.3710D-04
    1.7900D+02       2.4998D-01       2.4990D-01      -2.4994D-01       2.2177D-04       2.4994D-01      -1.5821D-04
    1.8000D+02       2.5027D-01       2.5027D-01      -2.5027D-01      -2.1278D-18       2.5027D-01       0.0000D+00
