 numangles= 181
  g= 5.80738D-01
   scat. angle           m2               m1              s21              d21           phase func.      polarization  
    0.0000D+00       7.5221D+00       7.5221D+00       7.5221D+00       0.0000D+00       7.5221D+00       0.0000D+00
    1.0000D+00       7.5150D+00       7.5152D+00       7.5151D+00       9.7643D-04       7.5151D+00       1.0143D-05
    2.0000D+00       7.4940D+00       7.4946D+00       7.4943D+00       3.8924D-03       7.4943D+00       4.0599D-05
    3.0000D+00       7.4592D+00       7.4605D+00       7.4599D+00       8.7081D-03       7.4599D+00       9.1444D-05
    4.0000D+00       7.4108D+00       7.4132D+00       7.4119D+00       1.5358D-02       7.4120D+00       1.6281D-04
    5.0000D+00       7.3491D+00       7.3529D+00       7.3509D+00       2.3753D-02       7.3510D+00       2.5488D-04
    6.0000D+00       7.2748D+00       7.2801D+00       7.2773D+00       3.3781D-02       7.2775D+00       3.6790D-04
    7.0000D+00       7.1882D+00       7.1954D+00       7.1915D+00       4.5308D-02       7.1918D+00       5.0219D-04
    8.0000D+00       7.0900D+00       7.0994D+00       7.0942D+00       5.8185D-02       7.0947D+00       6.5812D-04
    9.0000D+00       6.9810D+00       6.9927D+00       6.9861D+00       7.2246D-02       6.9868D+00       8.3614D-04
    1.0000D+01       6.8618D+00       6.8761D+00       6.8678D+00       8.7313D-02       6.8689D+00       1.0368D-03
    1.1000D+01       6.7333D+00       6.7503D+00       6.7402D+00       1.0320D-01       6.7418D+00       1.2607D-03
    1.2000D+01       6.5963D+00       6.6163D+00       6.6040D+00       1.1972D-01       6.6063D+00       1.5086D-03
    1.3000D+01       6.4517D+00       6.4748D+00       6.4602D+00       1.3667D-01       6.4633D+00       1.7813D-03
    1.4000D+01       6.3005D+00       6.3267D+00       6.3097D+00       1.5386D-01       6.3136D+00       2.0798D-03
    1.5000D+01       6.1434D+00       6.1730D+00       6.1532D+00       1.7111D-01       6.1582D+00       2.4050D-03
    1.6000D+01       5.9814D+00       6.0145D+00       5.9917D+00       1.8822D-01       5.9980D+00       2.7583D-03
    1.7000D+01       5.8154D+00       5.8521D+00       5.8260D+00       2.0503D-01       5.8338D+00       3.1409D-03
    1.8000D+01       5.6464D+00       5.6866D+00       5.6571D+00       2.2138D-01       5.6665D+00       3.5542D-03
    1.9000D+01       5.4750D+00       5.5190D+00       5.4858D+00       2.3712D-01       5.4970D+00       4.0000D-03
    2.0000D+01       5.3022D+00       5.3499D+00       5.3129D+00       2.5211D-01       5.3260D+00       4.4798D-03
    2.1000D+01       5.1286D+00       5.1801D+00       5.1391D+00       2.6624D-01       5.1544D+00       4.9957D-03
    2.2000D+01       4.9551D+00       5.0104D+00       4.9652D+00       2.7941D-01       4.9828D+00       5.5496D-03
    2.3000D+01       4.7823D+00       4.8415D+00       4.7918D+00       2.9153D-01       4.8119D+00       6.1438D-03
    2.4000D+01       4.6109D+00       4.6738D+00       4.6196D+00       3.0255D-01       4.6424D+00       6.7804D-03
    2.5000D+01       4.4413D+00       4.5081D+00       4.4492D+00       3.1240D-01       4.4747D+00       7.4620D-03
    2.6000D+01       4.2741D+00       4.3447D+00       4.2811D+00       3.2106D-01       4.3094D+00       8.1911D-03
    2.7000D+01       4.1098D+00       4.1842D+00       4.1157D+00       3.2852D-01       4.1470D+00       8.9703D-03
    2.8000D+01       3.9488D+00       4.0270D+00       3.9536D+00       3.3477D-01       3.9879D+00       9.8025D-03
    2.9000D+01       3.7913D+00       3.8733D+00       3.7949D+00       3.3982D-01       3.8323D+00       1.0690D-02
    3.0000D+01       3.6378D+00       3.7234D+00       3.6401D+00       3.4369D-01       3.6806D+00       1.1637D-02
    3.1000D+01       3.4883D+00       3.5777D+00       3.4893D+00       3.4643D-01       3.5330D+00       1.2644D-02
    3.2000D+01       3.3432D+00       3.4362D+00       3.3429D+00       3.4807D-01       3.3897D+00       1.3716D-02
    3.3000D+01       3.2026D+00       3.2992D+00       3.2009D+00       3.4866D-01       3.2509D+00       1.4856D-02
    3.4000D+01       3.0666D+00       3.1667D+00       3.0635D+00       3.4827D-01       3.1166D+00       1.6065D-02
    3.5000D+01       2.9352D+00       3.0388D+00       2.9308D+00       3.4695D-01       2.9870D+00       1.7347D-02
    3.6000D+01       2.8084D+00       2.9155D+00       2.8027D+00       3.4477D-01       2.8620D+00       1.8705D-02
    3.7000D+01       2.6864D+00       2.7969D+00       2.6794D+00       3.4179D-01       2.7416D+00       2.0140D-02
    3.8000D+01       2.5691D+00       2.6828D+00       2.5608D+00       3.3809D-01       2.6259D+00       2.1656D-02
    3.9000D+01       2.4563D+00       2.5733D+00       2.4468D+00       3.3373D-01       2.5148D+00       2.3255D-02
    4.0000D+01       2.3482D+00       2.4683D+00       2.3374D+00       3.2879D-01       2.4082D+00       2.4939D-02
    4.1000D+01       2.2445D+00       2.3676D+00       2.2326D+00       3.2332D-01       2.3060D+00       2.6709D-02
    4.2000D+01       2.1451D+00       2.2713D+00       2.1322D+00       3.1740D-01       2.2082D+00       2.8567D-02
    4.3000D+01       2.0501D+00       2.1791D+00       2.0360D+00       3.1108D-01       2.1146D+00       3.0516D-02
    4.4000D+01       1.9591D+00       2.0910D+00       1.9441D+00       3.0442D-01       2.0251D+00       3.2555D-02
    4.5000D+01       1.8722D+00       2.0068D+00       1.8562D+00       2.9748D-01       1.9395D+00       3.4687D-02
    4.6000D+01       1.7892D+00       1.9264D+00       1.7723D+00       2.9031D-01       1.8578D+00       3.6911D-02
    4.7000D+01       1.7100D+00       1.8496D+00       1.6921D+00       2.8295D-01       1.7798D+00       3.9228D-02
    4.8000D+01       1.6343D+00       1.7763D+00       1.6156D+00       2.7545D-01       1.7053D+00       4.1638D-02
    4.9000D+01       1.5621D+00       1.7064D+00       1.5426D+00       2.6785D-01       1.6343D+00       4.4141D-02
    5.0000D+01       1.4933D+00       1.6397D+00       1.4729D+00       2.6018D-01       1.5665D+00       4.6737D-02
    5.1000D+01       1.4277D+00       1.5761D+00       1.4065D+00       2.5249D-01       1.5019D+00       4.9423D-02
    5.2000D+01       1.3651D+00       1.5155D+00       1.3431D+00       2.4479D-01       1.4403D+00       5.2200D-02
    5.3000D+01       1.3055D+00       1.4576D+00       1.2827D+00       2.3711D-01       1.3816D+00       5.5064D-02
    5.4000D+01       1.2487D+00       1.4025D+00       1.2251D+00       2.2948D-01       1.3256D+00       5.8016D-02
    5.5000D+01       1.1946D+00       1.3499D+00       1.1701D+00       2.2191D-01       1.2722D+00       6.1051D-02
    5.6000D+01       1.1430D+00       1.2997D+00       1.1178D+00       2.1442D-01       1.2214D+00       6.4167D-02
    5.7000D+01       1.0939D+00       1.2519D+00       1.0678D+00       2.0704D-01       1.1729D+00       6.7361D-02
    5.8000D+01       1.0471D+00       1.2062D+00       1.0202D+00       1.9976D-01       1.1267D+00       7.0629D-02
    5.9000D+01       1.0025D+00       1.1627D+00       9.7476D-01       1.9261D-01       1.0826D+00       7.3967D-02
    6.0000D+01       9.6013D-01       1.1212D+00       9.3143D-01       1.8559D-01       1.0406D+00       7.7371D-02
    6.1000D+01       9.1973D-01       1.0815D+00       8.9010D-01       1.7870D-01       1.0006D+00       8.0835D-02
    6.2000D+01       8.8128D-01       1.0437D+00       8.5067D-01       1.7195D-01       9.6246D-01       8.4354D-02
    6.3000D+01       8.4466D-01       1.0075D+00       8.1304D-01       1.6536D-01       9.2609D-01       8.7922D-02
    6.4000D+01       8.0981D-01       9.7300D-01       7.7713D-01       1.5891D-01       8.9140D-01       9.1533D-02
    6.5000D+01       7.7663D-01       9.4002D-01       7.4284D-01       1.5261D-01       8.5833D-01       9.5179D-02
    6.6000D+01       7.4506D-01       9.0852D-01       7.1011D-01       1.4647D-01       8.2679D-01       9.8854D-02
    6.7000D+01       7.1501D-01       8.7841D-01       6.7885D-01       1.4048D-01       7.9671D-01       1.0255D-01
    6.8000D+01       6.8641D-01       8.4963D-01       6.4899D-01       1.3465D-01       7.6802D-01       1.0626D-01
    6.9000D+01       6.5920D-01       8.2210D-01       6.2046D-01       1.2897D-01       7.4065D-01       1.0997D-01
    7.0000D+01       6.3332D-01       7.9577D-01       5.9320D-01       1.2344D-01       7.1454D-01       1.1367D-01
    7.1000D+01       6.0870D-01       7.7058D-01       5.6714D-01       1.1805D-01       6.8964D-01       1.1736D-01
    7.2000D+01       5.8529D-01       7.4647D-01       5.4223D-01       1.1282D-01       6.6588D-01       1.2103D-01
    7.3000D+01       5.6303D-01       7.2339D-01       5.1840D-01       1.0773D-01       6.4321D-01       1.2466D-01
    7.4000D+01       5.4187D-01       7.0129D-01       4.9562D-01       1.0278D-01       6.2158D-01       1.2824D-01
    7.5000D+01       5.2176D-01       6.8012D-01       4.7381D-01       9.7968D-02       6.0094D-01       1.3176D-01
    7.6000D+01       5.0265D-01       6.5983D-01       4.5295D-01       9.3294D-02       5.8124D-01       1.3521D-01
    7.7000D+01       4.8450D-01       6.4040D-01       4.3298D-01       8.8752D-02       5.6245D-01       1.3858D-01
    7.8000D+01       4.6727D-01       6.2176D-01       4.1386D-01       8.4338D-02       5.4452D-01       1.4186D-01
    7.9000D+01       4.5092D-01       6.0390D-01       3.9555D-01       8.0051D-02       5.2741D-01       1.4503D-01
    8.0000D+01       4.3540D-01       5.8676D-01       3.7801D-01       7.5886D-02       5.1108D-01       1.4807D-01
    8.1000D+01       4.2069D-01       5.7032D-01       3.6121D-01       7.1841D-02       4.9551D-01       1.5099D-01
    8.2000D+01       4.0675D-01       5.5455D-01       3.4511D-01       6.7911D-02       4.8065D-01       1.5375D-01
    8.3000D+01       3.9354D-01       5.3940D-01       3.2967D-01       6.4094D-02       4.6647D-01       1.5635D-01
    8.4000D+01       3.8104D-01       5.2487D-01       3.1488D-01       6.0386D-02       4.5295D-01       1.5877D-01
    8.5000D+01       3.6921D-01       5.1091D-01       3.0069D-01       5.6785D-02       4.4006D-01       1.6100D-01
    8.6000D+01       3.5802D-01       4.9750D-01       2.8708D-01       5.3286D-02       4.2776D-01       1.6303D-01
    8.7000D+01       3.4746D-01       4.8462D-01       2.7402D-01       4.9888D-02       4.1604D-01       1.6483D-01
    8.8000D+01       3.3749D-01       4.7224D-01       2.6149D-01       4.6587D-02       4.0486D-01       1.6640D-01
    8.9000D+01       3.2810D-01       4.6034D-01       2.4946D-01       4.3380D-02       3.9422D-01       1.6772D-01
    9.0000D+01       3.1925D-01       4.4889D-01       2.3792D-01       4.0265D-02       3.8407D-01       1.6878D-01
    9.1000D+01       3.1093D-01       4.3789D-01       2.2683D-01       3.7239D-02       3.7441D-01       1.6955D-01
    9.2000D+01       3.0311D-01       4.2731D-01       2.1618D-01       3.4299D-02       3.6521D-01       1.7004D-01
    9.3000D+01       2.9578D-01       4.1712D-01       2.0595D-01       3.1443D-02       3.5645D-01       1.7021D-01
    9.4000D+01       2.8891D-01       4.0732D-01       1.9612D-01       2.8669D-02       3.4812D-01       1.7007D-01
    9.5000D+01       2.8250D-01       3.9788D-01       1.8666D-01       2.5974D-02       3.4019D-01       1.6959D-01
    9.6000D+01       2.7652D-01       3.8880D-01       1.7758D-01       2.3356D-02       3.3266D-01       1.6876D-01
    9.7000D+01       2.7095D-01       3.8005D-01       1.6883D-01       2.0813D-02       3.2550D-01       1.6758D-01
    9.8000D+01       2.6579D-01       3.7162D-01       1.6042D-01       1.8344D-02       3.1871D-01       1.6603D-01
    9.9000D+01       2.6102D-01       3.6350D-01       1.5233D-01       1.5946D-02       3.1226D-01       1.6410D-01
    1.0000D+02       2.5661D-01       3.5567D-01       1.4454D-01       1.3618D-02       3.0614D-01       1.6178D-01
    1.0100D+02       2.5257D-01       3.4812D-01       1.3703D-01       1.1358D-02       3.0034D-01       1.5906D-01
    1.0200D+02       2.4887D-01       3.4083D-01       1.2980D-01       9.1650D-03       2.9485D-01       1.5595D-01
    1.0300D+02       2.4551D-01       3.3381D-01       1.2283D-01       7.0381D-03       2.8966D-01       1.5242D-01
    1.0400D+02       2.4247D-01       3.2703D-01       1.1611D-01       4.9762D-03       2.8475D-01       1.4848D-01
    1.0500D+02       2.3974D-01       3.2048D-01       1.0962D-01       2.9786D-03       2.8011D-01       1.4412D-01
    1.0600D+02       2.3732D-01       3.1416D-01       1.0336D-01       1.0447D-03       2.7574D-01       1.3934D-01
    1.0700D+02       2.3518D-01       3.0805D-01       9.7310D-02      -8.2585D-04       2.7161D-01       1.3414D-01
    1.0800D+02       2.3332D-01       3.0214D-01       9.1463D-02      -2.6330D-03       2.6773D-01       1.2852D-01
    1.0900D+02       2.3173D-01       2.9643D-01       8.5808D-02      -4.3764D-03       2.6408D-01       1.2249D-01
    1.1000D+02       2.3040D-01       2.9090D-01       8.0333D-02      -6.0558D-03       2.6065D-01       1.1604D-01
    1.1100D+02       2.2933D-01       2.8555D-01       7.5028D-02      -7.6700D-03       2.5744D-01       1.0919D-01
    1.1200D+02       2.2849D-01       2.8036D-01       6.9882D-02      -9.2181D-03       2.5442D-01       1.0194D-01
    1.1300D+02       2.2788D-01       2.7533D-01       6.4885D-02      -1.0698D-02       2.5161D-01       9.4305D-02
    1.1400D+02       2.2749D-01       2.7045D-01       6.0026D-02      -1.2109D-02       2.4897D-01       8.6289D-02
    1.1500D+02       2.2731D-01       2.6572D-01       5.5296D-02      -1.3447D-02       2.4651D-01       7.7908D-02
    1.1600D+02       2.2732D-01       2.6111D-01       5.0683D-02      -1.4711D-02       2.4422D-01       6.9176D-02
    1.1700D+02       2.2753D-01       2.5663D-01       4.6177D-02      -1.5897D-02       2.4208D-01       6.0110D-02
    1.1800D+02       2.2791D-01       2.5227D-01       4.1769D-02      -1.7000D-02       2.4009D-01       5.0727D-02
    1.1900D+02       2.2846D-01       2.4802D-01       3.7446D-02      -1.8018D-02       2.3824D-01       4.1046D-02
    1.2000D+02       2.2916D-01       2.4387D-01       3.3199D-02      -1.8945D-02       2.3651D-01       3.1089D-02
    1.2100D+02       2.3000D-01       2.3981D-01       2.9016D-02      -1.9777D-02       2.3491D-01       2.0878D-02
    1.2200D+02       2.3097D-01       2.3584D-01       2.4886D-02      -2.0508D-02       2.3340D-01       1.0436D-02
    1.2300D+02       2.3205D-01       2.3195D-01       2.0799D-02      -2.1132D-02       2.3200D-01      -2.1140D-04
    1.2400D+02       2.3322D-01       2.2813D-01       1.6741D-02      -2.1642D-02       2.3068D-01      -1.1038D-02
    1.2500D+02       2.3448D-01       2.2438D-01       1.2703D-02      -2.2033D-02       2.2943D-01      -2.2016D-02
    1.2600D+02       2.3581D-01       2.2069D-01       8.6708D-03      -2.2298D-02       2.2825D-01      -3.3117D-02
    1.2700D+02       2.3719D-01       2.1706D-01       4.6338D-03      -2.2429D-02       2.2712D-01      -4.4311D-02
    1.2800D+02       2.3860D-01       2.1348D-01       5.7941D-04      -2.2420D-02       2.2604D-01      -5.5567D-02
    1.2900D+02       2.4003D-01       2.0995D-01      -3.5045D-03      -2.2264D-02       2.2499D-01      -6.6851D-02
    1.3000D+02       2.4146D-01       2.0646D-01      -7.6301D-03      -2.1955D-02       2.2396D-01      -7.8130D-02
    1.3100D+02       2.4287D-01       2.0302D-01      -1.1810D-02      -2.1486D-02       2.2294D-01      -8.9368D-02
    1.3200D+02       2.4425D-01       1.9962D-01      -1.6056D-02      -2.0853D-02       2.2194D-01      -1.0053D-01
    1.3300D+02       2.4557D-01       1.9628D-01      -2.0380D-02      -2.0051D-02       2.2092D-01      -1.1157D-01
    1.3400D+02       2.4683D-01       1.9298D-01      -2.4794D-02      -1.9077D-02       2.1990D-01      -1.2245D-01
    1.3500D+02       2.4801D-01       1.8974D-01      -2.9309D-02      -1.7929D-02       2.1887D-01      -1.3313D-01
    1.3600D+02       2.4909D-01       1.8656D-01      -3.3937D-02      -1.6607D-02       2.1782D-01      -1.4355D-01
    1.3700D+02       2.5007D-01       1.8345D-01      -3.8688D-02      -1.5113D-02       2.1676D-01      -1.5367D-01
    1.3800D+02       2.5092D-01       1.8043D-01      -4.3572D-02      -1.3449D-02       2.1568D-01      -1.6342D-01
    1.3900D+02       2.5165D-01       1.7751D-01      -4.8597D-02      -1.1624D-02       2.1458D-01      -1.7276D-01
    1.4000D+02       2.5225D-01       1.7471D-01      -5.3773D-02      -9.6438D-03       2.1348D-01      -1.8162D-01
    1.4100D+02       2.5271D-01       1.7204D-01      -5.9106D-02      -7.5215D-03       2.1238D-01      -1.8992D-01
    1.4200D+02       2.5303D-01       1.6953D-01      -6.4603D-02      -5.2708D-03       2.1128D-01      -1.9760D-01
    1.4300D+02       2.5323D-01       1.6721D-01      -7.0267D-02      -2.9087D-03       2.1022D-01      -2.0458D-01
    1.4400D+02       2.5329D-01       1.6510D-01      -7.6104D-02      -4.5527D-04       2.0920D-01      -2.1078D-01
    1.4500D+02       2.5324D-01       1.6323D-01      -8.2114D-02       2.0668D-03       2.0823D-01      -2.1612D-01
    1.4600D+02       2.5308D-01       1.6163D-01      -8.8298D-02       4.6321D-03       2.0735D-01      -2.2051D-01
    1.4700D+02       2.5283D-01       1.6033D-01      -9.4654D-02       7.2128D-03       2.0658D-01      -2.2387D-01
    1.4800D+02       2.5251D-01       1.5937D-01      -1.0118D-01       9.7788D-03       2.0594D-01      -2.2614D-01
    1.4900D+02       2.5214D-01       1.5877D-01      -1.0787D-01       1.2299D-02       2.0546D-01      -2.2722D-01
    1.5000D+02       2.5175D-01       1.5857D-01      -1.1472D-01       1.4739D-02       2.0516D-01      -2.2708D-01
    1.5100D+02       2.5135D-01       1.5880D-01      -1.2171D-01       1.7067D-02       2.0508D-01      -2.2565D-01
    1.5200D+02       2.5099D-01       1.5948D-01      -1.2884D-01       1.9248D-02       2.0523D-01      -2.2292D-01
    1.5300D+02       2.5067D-01       1.6065D-01      -1.3609D-01       2.1250D-02       2.0566D-01      -2.1888D-01
    1.5400D+02       2.5044D-01       1.6231D-01      -1.4345D-01       2.3042D-02       2.0638D-01      -2.1354D-01
    1.5500D+02       2.5032D-01       1.6448D-01      -1.5090D-01       2.4594D-02       2.0740D-01      -2.0695D-01
    1.5600D+02       2.5034D-01       1.6718D-01      -1.5841D-01       2.5880D-02       2.0876D-01      -1.9918D-01
    1.5700D+02       2.5051D-01       1.7040D-01      -1.6597D-01       2.6879D-02       2.1045D-01      -1.9033D-01
    1.5800D+02       2.5086D-01       1.7414D-01      -1.7355D-01       2.7572D-02       2.1250D-01      -1.8052D-01
    1.5900D+02       2.5139D-01       1.7838D-01      -1.8112D-01       2.7947D-02       2.1489D-01      -1.6989D-01
    1.6000D+02       2.5214D-01       1.8311D-01      -1.8866D-01       2.7997D-02       2.1762D-01      -1.5859D-01
    1.6100D+02       2.5309D-01       1.8829D-01      -1.9614D-01       2.7722D-02       2.2069D-01      -1.4681D-01
    1.6200D+02       2.5424D-01       1.9388D-01      -2.0351D-01       2.7129D-02       2.2406D-01      -1.3471D-01
    1.6300D+02       2.5561D-01       1.9983D-01      -2.1076D-01       2.6230D-02       2.2772D-01      -1.2248D-01
    1.6400D+02       2.5716D-01       2.0608D-01      -2.1785D-01       2.5045D-02       2.3162D-01      -1.1026D-01
    1.6500D+02       2.5889D-01       2.1257D-01      -2.2474D-01       2.3600D-02       2.3573D-01      -9.8239D-02
    1.6600D+02       2.6076D-01       2.1922D-01      -2.3139D-01       2.1928D-02       2.3999D-01      -8.6543D-02
    1.6700D+02       2.6276D-01       2.2596D-01      -2.3778D-01       2.0067D-02       2.4436D-01      -7.5303D-02
    1.6800D+02       2.6485D-01       2.3270D-01      -2.4387D-01       1.8059D-02       2.4877D-01      -6.4628D-02
    1.6900D+02       2.6699D-01       2.3934D-01      -2.4961D-01       1.5951D-02       2.5317D-01      -5.4610D-02
    1.7000D+02       2.6914D-01       2.4580D-01      -2.5499D-01       1.3794D-02       2.5747D-01      -4.5322D-02
    1.7100D+02       2.7126D-01       2.5199D-01      -2.5997D-01       1.1638D-02       2.6163D-01      -3.6823D-02
    1.7200D+02       2.7331D-01       2.5782D-01      -2.6451D-01       9.5354D-03       2.6556D-01      -2.9157D-02
    1.7300D+02       2.7523D-01       2.6320D-01      -2.6858D-01       7.5372D-03       2.6921D-01      -2.2354D-02
    1.7400D+02       2.7700D-01       2.6804D-01      -2.7217D-01       5.6922D-03       2.7252D-01      -1.6437D-02
    1.7500D+02       2.7857D-01       2.7228D-01      -2.7525D-01       4.0459D-03       2.7542D-01      -1.1420D-02
    1.7600D+02       2.7990D-01       2.7584D-01      -2.7780D-01       2.6390D-03       2.7787D-01      -7.3099D-03
    1.7700D+02       2.8097D-01       2.7867D-01      -2.7980D-01       1.5064D-03       2.7982D-01      -4.1119D-03
    1.7800D+02       2.8176D-01       2.8073D-01      -2.8124D-01       6.7660D-04       2.8124D-01      -1.8274D-03
    1.7900D+02       2.8224D-01       2.8198D-01      -2.8211D-01       1.7022D-04       2.8211D-01      -4.5682D-04
    1.8000D+02       2.8240D-01       2.8240D-01      -2.8240D-01       3.4347D-18       2.8240D-01      -9.8286D-17
