 numangles= 181
  g= 5.09034D-01
   scat. angle           m2               m1              s21              d21           phase func.      polarization  
    0.0000D+00       7.9493D+00       7.9493D+00       7.9493D+00       0.0000D+00       7.9493D+00       0.0000D+00
    1.0000D+00       7.9384D+00       7.9422D+00       7.9403D+00       2.1825D-03       7.9403D+00       2.3837D-04
    2.0000D+00       7.9060D+00       7.9211D+00       7.9135D+00       8.6994D-03       7.9135D+00       9.5340D-04
    3.0000D+00       7.8522D+00       7.8860D+00       7.8691D+00       1.9460D-02       7.8691D+00       2.1448D-03
    4.0000D+00       7.7777D+00       7.8373D+00       7.8074D+00       3.4313D-02       7.8075D+00       3.8120D-03
    5.0000D+00       7.6832D+00       7.7752D+00       7.7288D+00       5.3055D-02       7.7292D+00       5.9543D-03
    6.0000D+00       7.5695D+00       7.7003D+00       7.6341D+00       7.5428D-02       7.6349D+00       8.5706D-03
    7.0000D+00       7.4376D+00       7.6131D+00       7.5240D+00       1.0113D-01       7.5254D+00       1.1660D-02
    8.0000D+00       7.2889D+00       7.5142D+00       7.3992D+00       1.2981D-01       7.4016D+00       1.5220D-02
    9.0000D+00       7.1246D+00       7.4043D+00       7.2607D+00       1.6110D-01       7.2644D+00       1.9248D-02
    1.0000D+01       6.9462D+00       7.2841D+00       7.1096D+00       1.9459D-01       7.1151D+00       2.3743D-02
    1.1000D+01       6.7552D+00       7.1544D+00       6.9469D+00       2.2984D-01       6.9548D+00       2.8700D-02
    1.2000D+01       6.5532D+00       7.0161D+00       6.7737D+00       2.6644D-01       6.7847D+00       3.4116D-02
    1.3000D+01       6.3418D+00       6.8701D+00       6.5913D+00       3.0393D-01       6.6060D+00       3.9986D-02
    1.4000D+01       6.1228D+00       6.7173D+00       6.4008D+00       3.4188D-01       6.4200D+00       4.6304D-02
    1.5000D+01       5.8976D+00       6.5585D+00       6.2035D+00       3.7985D-01       6.2281D+00       5.3064D-02
    1.6000D+01       5.6679D+00       6.3948D+00       6.0006D+00       4.1744D-01       6.0314D+00       6.0257D-02
    1.7000D+01       5.4353D+00       6.2269D+00       5.7932D+00       4.5425D-01       5.8311D+00       6.7874D-02
    1.8000D+01       5.2013D+00       6.0558D+00       5.5826D+00       4.8992D-01       5.6286D+00       7.5907D-02
    1.9000D+01       4.9673D+00       5.8824D+00       5.3699D+00       5.2412D-01       5.4249D+00       8.4342D-02
    2.0000D+01       4.7346D+00       5.7075D+00       5.1562D+00       5.5656D-01       5.2210D+00       9.3166D-02
    2.1000D+01       4.5044D+00       5.5318D+00       4.9425D+00       5.8697D-01       5.0181D+00       1.0237D-01
    2.2000D+01       4.2779D+00       5.3562D+00       4.7298D+00       6.1514D-01       4.8170D+00       1.1192D-01
    2.3000D+01       4.0560D+00       5.1813D+00       4.5190D+00       6.4089D-01       4.6186D+00       1.2182D-01
    2.4000D+01       3.8395D+00       5.0077D+00       4.3109D+00       6.6409D-01       4.4236D+00       1.3204D-01
    2.5000D+01       3.6294D+00       4.8362D+00       4.1062D+00       6.8463D-01       4.2328D+00       1.4256D-01
    2.6000D+01       3.4260D+00       4.6671D+00       3.9056D+00       7.0245D-01       4.0466D+00       1.5336D-01
    2.7000D+01       3.2300D+00       4.5011D+00       3.7096D+00       7.1754D-01       3.8656D+00       1.6440D-01
    2.8000D+01       3.0418D+00       4.3384D+00       3.5189D+00       7.2990D-01       3.6901D+00       1.7568D-01
    2.9000D+01       2.8617D+00       4.1795D+00       3.3338D+00       7.3958D-01       3.5206D+00       1.8716D-01
    3.0000D+01       2.6898D+00       4.0247D+00       3.1546D+00       7.4665D-01       3.3573D+00       1.9881D-01
    3.1000D+01       2.5263D+00       3.8743D+00       2.9817D+00       7.5119D-01       3.2003D+00       2.1061D-01
    3.2000D+01       2.3711D+00       3.7284D+00       2.8152D+00       7.5333D-01       3.0497D+00       2.2252D-01
    3.3000D+01       2.2243D+00       3.5872D+00       2.6552D+00       7.5320D-01       2.9057D+00       2.3452D-01
    3.4000D+01       2.0856D+00       3.4508D+00       2.5019D+00       7.5093D-01       2.7682D+00       2.4658D-01
    3.5000D+01       1.9550D+00       3.3193D+00       2.3553D+00       7.4669D-01       2.6371D+00       2.5867D-01
    3.6000D+01       1.8322D+00       3.1927D+00       2.2154D+00       7.4064D-01       2.5125D+00       2.7076D-01
    3.7000D+01       1.7169D+00       3.0711D+00       2.0820D+00       7.3294D-01       2.3940D+00       2.8282D-01
    3.8000D+01       1.6089D+00       2.9543D+00       1.9552D+00       7.2376D-01       2.2816D+00       2.9484D-01
    3.9000D+01       1.5079D+00       2.8424D+00       1.8347D+00       7.1326D-01       2.1752D+00       3.0678D-01
    4.0000D+01       1.4134D+00       2.7353D+00       1.7204D+00       7.0162D-01       2.0744D+00       3.1862D-01
    4.1000D+01       1.3253D+00       2.6328D+00       1.6121D+00       6.8898D-01       1.9791D+00       3.3034D-01
    4.2000D+01       1.2431D+00       2.5349D+00       1.5096D+00       6.7550D-01       1.8890D+00       3.4193D-01
    4.3000D+01       1.1665D+00       2.4415D+00       1.4127D+00       6.6132D-01       1.8040D+00       3.5336D-01
    4.4000D+01       1.0952D+00       2.3523D+00       1.3212D+00       6.4657D-01       1.7238D+00       3.6461D-01
    4.5000D+01       1.0289D+00       2.2672D+00       1.2348D+00       6.3139D-01       1.6480D+00       3.7569D-01
    4.6000D+01       9.6718D-01       2.1861D+00       1.1532D+00       6.1588D-01       1.5767D+00       3.8656D-01
    4.7000D+01       9.0978D-01       2.1089D+00       1.0764D+00       6.0014D-01       1.5093D+00       3.9723D-01
    4.8000D+01       8.5641D-01       2.0353D+00       1.0039D+00       5.8428D-01       1.4459D+00       4.0768D-01
    4.9000D+01       8.0679D-01       1.9652D+00       9.3564D-01       5.6838D-01       1.3860D+00       4.1791D-01
    5.0000D+01       7.6065D-01       1.8985D+00       8.7131D-01       5.5252D-01       1.3296D+00       4.2791D-01
    5.1000D+01       7.1776D-01       1.8350D+00       8.1070D-01       5.3675D-01       1.2764D+00       4.3767D-01
    5.2000D+01       6.7786D-01       1.7745D+00       7.5360D-01       5.2114D-01       1.2262D+00       4.4718D-01
    5.3000D+01       6.4076D-01       1.7170D+00       6.9979D-01       5.0574D-01       1.1789D+00       4.5646D-01
    5.4000D+01       6.0625D-01       1.6621D+00       6.4909D-01       4.9058D-01       1.1342D+00       4.6548D-01
    5.5000D+01       5.7413D-01       1.6099D+00       6.0129D-01       4.7571D-01       1.0920D+00       4.7424D-01
    5.6000D+01       5.4425D-01       1.5601D+00       5.5622D-01       4.6115D-01       1.0522D+00       4.8275D-01
    5.7000D+01       5.1643D-01       1.5127D+00       5.1371D-01       4.4692D-01       1.0146D+00       4.9099D-01
    5.8000D+01       4.9053D-01       1.4675D+00       4.7360D-01       4.3304D-01       9.7903D-01       4.9896D-01
    5.9000D+01       4.6642D-01       1.4244D+00       4.3572D-01       4.1952D-01       9.4542D-01       5.0666D-01
    6.0000D+01       4.4396D-01       1.3833D+00       3.9995D-01       4.0637D-01       9.1364D-01       5.1407D-01
    6.1000D+01       4.2305D-01       1.3441D+00       3.6614D-01       3.9360D-01       8.8357D-01       5.2120D-01
    6.2000D+01       4.0357D-01       1.3066D+00       3.3417D-01       3.8121D-01       8.5510D-01       5.2804D-01
    6.3000D+01       3.8544D-01       1.2709D+00       3.0392D-01       3.6920D-01       8.2815D-01       5.3458D-01
    6.4000D+01       3.6856D-01       1.2367D+00       2.7529D-01       3.5756D-01       8.0261D-01       5.4080D-01
    6.5000D+01       3.5284D-01       1.2040D+00       2.4817D-01       3.4629D-01       7.7842D-01       5.4672D-01
    6.6000D+01       3.3822D-01       1.1727D+00       2.2246D-01       3.3539D-01       7.5548D-01       5.5231D-01
    6.7000D+01       3.2462D-01       1.1428D+00       1.9807D-01       3.2484D-01       7.3373D-01       5.5757D-01
    6.8000D+01       3.1198D-01       1.1142D+00       1.7493D-01       3.1464D-01       7.1309D-01       5.6250D-01
    6.9000D+01       3.0023D-01       1.0868D+00       1.5296D-01       3.0478D-01       6.9351D-01       5.6708D-01
    7.0000D+01       2.8933D-01       1.0605D+00       1.3208D-01       2.9525D-01       6.7493D-01       5.7131D-01
    7.1000D+01       2.7923D-01       1.0353D+00       1.1223D-01       2.8605D-01       6.5728D-01       5.7518D-01
    7.2000D+01       2.6986D-01       1.0112D+00       9.3345D-02       2.7715D-01       6.4052D-01       5.7869D-01
    7.3000D+01       2.6120D-01       9.8801D-01       7.5369D-02       2.6855D-01       6.2460D-01       5.8182D-01
    7.4000D+01       2.5319D-01       9.6576D-01       5.8248D-02       2.6025D-01       6.0948D-01       5.8457D-01
    7.5000D+01       2.4581D-01       9.4440D-01       4.1933D-02       2.5222D-01       5.9510D-01       5.8695D-01
    7.6000D+01       2.3901D-01       9.2387D-01       2.6376D-02       2.4446D-01       5.8144D-01       5.8893D-01
    7.7000D+01       2.3277D-01       9.0414D-01       1.1535D-02       2.3697D-01       5.6845D-01       5.9053D-01
    7.8000D+01       2.2704D-01       8.8517D-01      -2.6321D-03       2.2972D-01       5.5611D-01       5.9173D-01
    7.9000D+01       2.2181D-01       8.6693D-01      -1.6162D-02       2.2271D-01       5.4437D-01       5.9253D-01
    8.0000D+01       2.1705D-01       8.4936D-01      -2.9090D-02       2.1593D-01       5.3321D-01       5.9294D-01
    8.1000D+01       2.1272D-01       8.3246D-01      -4.1449D-02       2.0938D-01       5.2259D-01       5.9295D-01
    8.2000D+01       2.0881D-01       8.1618D-01      -5.3271D-02       2.0304D-01       5.1249D-01       5.9256D-01
    8.3000D+01       2.0530D-01       8.0049D-01      -6.4583D-02       1.9690D-01       5.0289D-01       5.9177D-01
    8.4000D+01       2.0215D-01       7.8537D-01      -7.5413D-02       1.9097D-01       4.9376D-01       5.9059D-01
    8.5000D+01       1.9936D-01       7.7080D-01      -8.5787D-02       1.8522D-01       4.8508D-01       5.8902D-01
    8.6000D+01       1.9690D-01       7.5674D-01      -9.5727D-02       1.7965D-01       4.7682D-01       5.8705D-01
    8.7000D+01       1.9476D-01       7.4318D-01      -1.0526D-01       1.7426D-01       4.6897D-01       5.8471D-01
    8.8000D+01       1.9292D-01       7.3010D-01      -1.1440D-01       1.6903D-01       4.6151D-01       5.8198D-01
    8.9000D+01       1.9136D-01       7.1747D-01      -1.2317D-01       1.6397D-01       4.5441D-01       5.7889D-01
    9.0000D+01       1.9007D-01       7.0527D-01      -1.3158D-01       1.5906D-01       4.4767D-01       5.7543D-01
    9.1000D+01       1.8903D-01       6.9349D-01      -1.3967D-01       1.5431D-01       4.4126D-01       5.7162D-01
    9.2000D+01       1.8823D-01       6.8211D-01      -1.4743D-01       1.4969D-01       4.3517D-01       5.6745D-01
    9.3000D+01       1.8766D-01       6.7111D-01      -1.5489D-01       1.4521D-01       4.2939D-01       5.6295D-01
    9.4000D+01       1.8731D-01       6.6048D-01      -1.6207D-01       1.4087D-01       4.2390D-01       5.5812D-01
    9.5000D+01       1.8716D-01       6.5021D-01      -1.6897D-01       1.3665D-01       4.1868D-01       5.5297D-01
    9.6000D+01       1.8721D-01       6.4027D-01      -1.7561D-01       1.3256D-01       4.1374D-01       5.4752D-01
    9.7000D+01       1.8744D-01       6.3065D-01      -1.8200D-01       1.2858D-01       4.0905D-01       5.4177D-01
    9.8000D+01       1.8784D-01       6.2135D-01      -1.8816D-01       1.2472D-01       4.0460D-01       5.3573D-01
    9.9000D+01       1.8841D-01       6.1235D-01      -1.9409D-01       1.2097D-01       4.0038D-01       5.2943D-01
    1.0000D+02       1.8913D-01       6.0364D-01      -1.9980D-01       1.1732D-01       3.9638D-01       5.2287D-01
    1.0100D+02       1.9000D-01       5.9521D-01      -2.0531D-01       1.1378D-01       3.9260D-01       5.1606D-01
    1.0200D+02       1.9100D-01       5.8705D-01      -2.1062D-01       1.1033D-01       3.8902D-01       5.0902D-01
    1.0300D+02       1.9214D-01       5.7914D-01      -2.1574D-01       1.0698D-01       3.8564D-01       5.0176D-01
    1.0400D+02       1.9340D-01       5.7149D-01      -2.2069D-01       1.0372D-01       3.8245D-01       4.9430D-01
    1.0500D+02       1.9478D-01       5.6407D-01      -2.2546D-01       1.0054D-01       3.7943D-01       4.8664D-01
    1.0600D+02       1.9627D-01       5.5689D-01      -2.3008D-01       9.7456D-02       3.7658D-01       4.7881D-01
    1.0700D+02       1.9786D-01       5.4993D-01      -2.3453D-01       9.4450D-02       3.7390D-01       4.7081D-01
    1.0800D+02       1.9956D-01       5.4319D-01      -2.3884D-01       9.1523D-02       3.7137D-01       4.6266D-01
    1.0900D+02       2.0134D-01       5.3666D-01      -2.4301D-01       8.8673D-02       3.6900D-01       4.5437D-01
    1.1000D+02       2.0321D-01       5.3033D-01      -2.4704D-01       8.5897D-02       3.6677D-01       4.4595D-01
    1.1100D+02       2.0516D-01       5.2420D-01      -2.5094D-01       8.3192D-02       3.6468D-01       4.3742D-01
    1.1200D+02       2.0719D-01       5.1825D-01      -2.5471D-01       8.0557D-02       3.6272D-01       4.2879D-01
    1.1300D+02       2.0929D-01       5.1249D-01      -2.5837D-01       7.7989D-02       3.6089D-01       4.2008D-01
    1.1400D+02       2.1145D-01       5.0690D-01      -2.6191D-01       7.5485D-02       3.5918D-01       4.1129D-01
    1.1500D+02       2.1368D-01       5.0149D-01      -2.6535D-01       7.3044D-02       3.5759D-01       4.0243D-01
    1.1600D+02       2.1597D-01       4.9625D-01      -2.6868D-01       7.0664D-02       3.5611D-01       3.9352D-01
    1.1700D+02       2.1832D-01       4.9116D-01      -2.7191D-01       6.8343D-02       3.5474D-01       3.8457D-01
    1.1800D+02       2.2071D-01       4.8623D-01      -2.7505D-01       6.6079D-02       3.5347D-01       3.7559D-01
    1.1900D+02       2.2316D-01       4.8146D-01      -2.7810D-01       6.3870D-02       3.5231D-01       3.6659D-01
    1.2000D+02       2.2564D-01       4.7683D-01      -2.8106D-01       6.1715D-02       3.5124D-01       3.5757D-01
    1.2100D+02       2.2817D-01       4.7234D-01      -2.8394D-01       5.9612D-02       3.5026D-01       3.4856D-01
    1.2200D+02       2.3074D-01       4.6800D-01      -2.8674D-01       5.7560D-02       3.4937D-01       3.3955D-01
    1.2300D+02       2.3335D-01       4.6378D-01      -2.8946D-01       5.5557D-02       3.4856D-01       3.3055D-01
    1.2400D+02       2.3598D-01       4.5970D-01      -2.9211D-01       5.3601D-02       3.4784D-01       3.2158D-01
    1.2500D+02       2.3865D-01       4.5575D-01      -2.9470D-01       5.1692D-02       3.4720D-01       3.1264D-01
    1.2600D+02       2.4135D-01       4.5192D-01      -2.9721D-01       4.9828D-02       3.4664D-01       3.0374D-01
    1.2700D+02       2.4407D-01       4.4822D-01      -2.9967D-01       4.8008D-02       3.4614D-01       2.9489D-01
    1.2800D+02       2.4682D-01       4.4463D-01      -3.0206D-01       4.6230D-02       3.4572D-01       2.8608D-01
    1.2900D+02       2.4959D-01       4.4115D-01      -3.0440D-01       4.4494D-02       3.4537D-01       2.7733D-01
    1.3000D+02       2.5238D-01       4.3779D-01      -3.0668D-01       4.2799D-02       3.4508D-01       2.6865D-01
    1.3100D+02       2.5519D-01       4.3454D-01      -3.0890D-01       4.1143D-02       3.4486D-01       2.6003D-01
    1.3200D+02       2.5802D-01       4.3139D-01      -3.1108D-01       3.9526D-02       3.4470D-01       2.5148D-01
    1.3300D+02       2.6086D-01       4.2835D-01      -3.1321D-01       3.7946D-02       3.4460D-01       2.4301D-01
    1.3400D+02       2.6372D-01       4.2540D-01      -3.1529D-01       3.6403D-02       3.4456D-01       2.3462D-01
    1.3500D+02       2.6660D-01       4.2256D-01      -3.1733D-01       3.4896D-02       3.4458D-01       2.2631D-01
    1.3600D+02       2.6948D-01       4.1981D-01      -3.1932D-01       3.3425D-02       3.4465D-01       2.1809D-01
    1.3700D+02       2.7238D-01       4.1716D-01      -3.2127D-01       3.1987D-02       3.4477D-01       2.0996D-01
    1.3800D+02       2.7529D-01       4.1459D-01      -3.2319D-01       3.0583D-02       3.4494D-01       2.0192D-01
    1.3900D+02       2.7821D-01       4.1212D-01      -3.2506D-01       2.9213D-02       3.4516D-01       1.9398D-01
    1.4000D+02       2.8113D-01       4.0973D-01      -3.2690D-01       2.7875D-02       3.4543D-01       1.8614D-01
    1.4100D+02       2.8407D-01       4.0743D-01      -3.2870D-01       2.6569D-02       3.4575D-01       1.7840D-01
    1.4200D+02       2.8701D-01       4.0522D-01      -3.3047D-01       2.5294D-02       3.4611D-01       1.7077D-01
    1.4300D+02       2.8995D-01       4.0308D-01      -3.3220D-01       2.4050D-02       3.4652D-01       1.6323D-01
    1.4400D+02       2.9290D-01       4.0103D-01      -3.3390D-01       2.2837D-02       3.4696D-01       1.5581D-01
    1.4500D+02       2.9585D-01       3.9905D-01      -3.3556D-01       2.1655D-02       3.4745D-01       1.4850D-01
    1.4600D+02       2.9881D-01       3.9715D-01      -3.3719D-01       2.0502D-02       3.4798D-01       1.4130D-01
    1.4700D+02       3.0176D-01       3.9532D-01      -3.3879D-01       1.9379D-02       3.4854D-01       1.3422D-01
    1.4800D+02       3.0470D-01       3.9357D-01      -3.4036D-01       1.8286D-02       3.4914D-01       1.2726D-01
    1.4900D+02       3.0764D-01       3.9189D-01      -3.4189D-01       1.7222D-02       3.4977D-01       1.2043D-01
    1.5000D+02       3.1058D-01       3.9027D-01      -3.4339D-01       1.6187D-02       3.5043D-01       1.1371D-01
    1.5100D+02       3.1350D-01       3.8873D-01      -3.4486D-01       1.5182D-02       3.5111D-01       1.0713D-01
    1.5200D+02       3.1640D-01       3.8725D-01      -3.4630D-01       1.4206D-02       3.5183D-01       1.0069D-01
    1.5300D+02       3.1929D-01       3.8584D-01      -3.4770D-01       1.3259D-02       3.5257D-01       9.4384D-02
    1.5400D+02       3.2215D-01       3.8450D-01      -3.4907D-01       1.2341D-02       3.5333D-01       8.8223D-02
    1.5500D+02       3.2499D-01       3.8321D-01      -3.5040D-01       1.1454D-02       3.5410D-01       8.2211D-02
    1.5600D+02       3.2780D-01       3.8199D-01      -3.5169D-01       1.0596D-02       3.5489D-01       7.6354D-02
    1.5700D+02       3.3056D-01       3.8083D-01      -3.5295D-01       9.7682D-03       3.5570D-01       7.0659D-02
    1.5800D+02       3.3329D-01       3.7973D-01      -3.5417D-01       8.9709D-03       3.5651D-01       6.5131D-02
    1.5900D+02       3.3596D-01       3.7868D-01      -3.5535D-01       8.2043D-03       3.5732D-01       5.9777D-02
    1.6000D+02       3.3858D-01       3.7769D-01      -3.5649D-01       7.4687D-03       3.5814D-01       5.4604D-02
    1.6100D+02       3.4114D-01       3.7676D-01      -3.5759D-01       6.7648D-03       3.5895D-01       4.9618D-02
    1.6200D+02       3.4363D-01       3.7588D-01      -3.5865D-01       6.0927D-03       3.5976D-01       4.4829D-02
    1.6300D+02       3.4604D-01       3.7506D-01      -3.5965D-01       5.4531D-03       3.6055D-01       4.0241D-02
    1.6400D+02       3.4837D-01       3.7429D-01      -3.6062D-01       4.8463D-03       3.6133D-01       3.5865D-02
    1.6500D+02       3.5061D-01       3.7357D-01      -3.6153D-01       4.2730D-03       3.6209D-01       3.1706D-02
    1.6600D+02       3.5275D-01       3.7290D-01      -3.6239D-01       3.7336D-03       3.6282D-01       2.7772D-02
    1.6700D+02       3.5478D-01       3.7228D-01      -3.6321D-01       3.2285D-03       3.6353D-01       2.4071D-02
    1.6800D+02       3.5670D-01       3.7171D-01      -3.6397D-01       2.7585D-03       3.6420D-01       2.0611D-02
    1.6900D+02       3.5849D-01       3.7119D-01      -3.6467D-01       2.3238D-03       3.6484D-01       1.7398D-02
    1.7000D+02       3.6016D-01       3.7071D-01      -3.6532D-01       1.9250D-03       3.6544D-01       1.4439D-02
    1.7100D+02       3.6169D-01       3.7029D-01      -3.6591D-01       1.5627D-03       3.6599D-01       1.1740D-02
    1.7200D+02       3.6308D-01       3.6991D-01      -3.6645D-01       1.2371D-03       3.6649D-01       9.3082D-03
    1.7300D+02       3.6433D-01       3.6957D-01      -3.6692D-01       9.4886D-04       3.6695D-01       7.1485D-03
    1.7400D+02       3.6541D-01       3.6928D-01      -3.6733D-01       6.9820D-04       3.6735D-01       5.2660D-03
    1.7500D+02       3.6634D-01       3.6904D-01      -3.6768D-01       4.8550D-04       3.6769D-01       3.6653D-03
    1.7600D+02       3.6711D-01       3.6884D-01      -3.6797D-01       3.1106D-04       3.6798D-01       2.3502D-03
    1.7700D+02       3.6771D-01       3.6869D-01      -3.6820D-01       1.7512D-04       3.6820D-01       1.3239D-03
    1.7800D+02       3.6814D-01       3.6858D-01      -3.6836D-01       7.7878D-05       3.6836D-01       5.8902D-04
    1.7900D+02       3.6840D-01       3.6851D-01      -3.6846D-01       1.9477D-05       3.6846D-01       1.4735D-04
    1.8000D+02       3.6849D-01       3.6849D-01      -3.6849D-01      -2.4938D-18       3.6849D-01       7.5323D-17
