0.05210579967326737
0.05210579967326737
0.05217852084364555
0.052326390967613545
0.05250157959704617
0.05277246897264288
0.05304952458089439
0.05344349978925174
0.0538236454282553
0.05434348012963582
0.05483023773390664
0.055479280024063514
0.05607479624341888
0.056720536625427906
0.05756230602414056
0.05832018628576807
0.059297831727768015
0.060169711512324996
0.06128482886358422
0.06227167455945216
0.06331074945355994
0.06462619218737824
0.06577897891335646
0.067229187447384
0.06849243966166961
0.06980418372915573
0.07144030762930965
0.07285344351704061
0.07430966745059164
0.07611087744155395
0.07765376006850566
0.07923169931893463
0.08084162695423282
0.08281111031186904
0.0844794257977001
0.08616827224660421
0.08787360286403392
0.08959123119721032
0.09166239380251452
0.0933913564519903
0.0951180180938035
0.09683759717939924
0.0985452532555755
0.10023605430092818
0.10190503503891228
0.103547176164148
0.10547531069672963
0.10704089417589233
0.10856375551542133
0.11002787317742244
0.11141445514327596
0.11272336897124977
0.1139545304358236
0.1151080646790506
0.11639009289016898
0.11737355675210073
0.1184524253577875
0.11926752539440694
0.12014553755441401
0.12091515745737988
0.12157727066038003
0.12204756493746703
0.12251500670696537
0.12287766166939919
0.12313655447161106
0.12329269337328977
0.12334717634152625
0.12330110194457623
0.12312174758714838
0.12286168390237602
0.122504710747487
0.12205210396563636
0.12140485187674249
0.12074937064804982
0.11986926942553991
0.11901773945873378
0.11791336177267875
0.11687380795129028
0.11555553399867989
0.11433795723767069
0.11281912746659274
0.11143688738869878
0.10973631626803002
0.10794884926392878
0.10635545665348081
0.10443672704327951
0.1024690851614527
0.10075743518255811
0.09874586894067258
0.09672707546397848
0.09470286253115995
