89.4475912644122
89.4475912644122
88.93973428531926
88.3356749858755
87.83571875430157
87.24066023423353
86.74985278833013
86.16812940362212
85.69016275569163
85.12564138873282
84.66338156599205
84.11918368450594
83.67487776450007
83.23920709290803
82.72810060100268
82.31205601840948
81.82463634956144
81.42821034342148
80.96393498251766
80.58625087330687
80.2165421979504
79.78280036053063
79.4289992341815
79.01273854077216
78.6720309805153
78.33620248306659
77.93861686100247
77.61091699042932
77.28568262620183
76.89754326346849
76.57495287134812
76.25230027857707
75.92880042345152
75.53841181732109
75.21038818547984
74.8791387519094
74.5439790050204
74.20424986566876
73.78966542466468
73.43772806860328
73.07933489632617
72.71397943906048
72.34118501478137
71.96051510193226
71.57155984706934
71.17395102773753
70.68492943181197
70.2671551248068
69.8397818324062
69.40597311939308
68.9706796715717
68.53381387246507
68.09534240695422
67.65525635230468
67.12503562167177
66.68144421729814
66.14711182536021
65.70020033866098
65.16202261081717
64.62188934459293
64.0799006161794
63.626898190050255
63.08176166865724
62.53503813582941
61.9868071255927
61.437127215731
60.886058276461
60.33363455566611
59.68744051846884
59.132099061694205
58.57536959827174
58.01721465950767
57.36410872516496
56.80252453589555
56.14512454553167
55.57957254814545
54.9171508555746
54.346951117247436
53.67871521942876
53.10326088077111
52.428682896994
51.84781752725317
51.167383278512276
50.48473607113711
49.89891564330766
49.21661555205493
48.53851653254212
47.96340284247076
47.30227073595999
46.65229366847847
46.01176234096873
