0.01003492696582749
0.01003492696582749
0.009972950773354243
0.009851766856565013
0.009709760622512838
0.00948749755139153
0.009257278049901922
0.008924550718014679
0.00859895039578596
0.00814787122527475
0.007720045438866527
0.007142859062203616
0.006608168444476522
0.006026284179086311
0.005271678747832448
0.004607634093416118
0.003803682519647421
0.0031909516102810506
0.0026994230952449893
0.002704235336257128
0.003183502455409792
0.004250199831073151
0.005407193540019659
0.007014548625526131
0.008497806975229588
0.010093480679984005
0.012142814231422137
0.01395474234180826
0.015855569481715147
0.018246959446283063
0.020325953384519417
0.02247778384959626
0.024696868982888576
0.02744021115998274
0.02978600203988307
0.032178984750916
0.0346122007232203
0.03707843324779392
0.04007106932680925
0.04258378904984346
0.045105675655609724
0.04762935047385137
0.050147546585204636
0.052653114746209914
0.05513919208878016
0.05759923896371343
0.06050806683359466
0.06288906051391788
0.06522490114667599
0.06749294997628404
0.06966553842967828
0.07174347946972998
0.0737277112127144
0.07561936080717648
0.07776878827923536
0.079460955282369
0.0813745250631459
0.08287302096169477
0.08455755697836305
0.08611982490401876
0.08756157025218243
0.08867217990581364
0.08989728091804483
0.0910063849035199
0.0920009460949866
0.09288239451816907
0.09365217472059781
0.09431167780859027
0.09494363184558158
0.09536909751462756
0.09568888453775057
0.09590453403252434
0.09602660648369954
0.09602206710395711
0.09589197991999018
0.09567559033625606
0.09530342610944423
0.09488411022291958
0.09428099982542945
0.09366913340216275
0.09284828902253207
0.09205645575787015
0.09103467241302864
0.08991394682336026
0.08888099499315681
0.08760082759184631
0.08625219908444286
0.08505296634756829
0.0836158414425412
0.08214613287940245
0.08064743400520055
