180
179.44629012723678
178.93051871345799
178.29963451036917
177.7549998187839
177.06822308341452
176.45883881390293
175.66829284926635
174.94501677246348
173.97353866112326
173.0492564882398
171.74983027048637
170.44551363464635
168.85160296899554
166.3620355900737
163.5280840017758
158.56575123989785
152.22930281354488
140.59232272154878
128.23521999392273
117.00860715585745
107.6964769555367
102.69918325031334
98.64760588529599
96.22844490618917
94.3409835352364
92.52952602531198
91.2739506325399
90.17873574618366
89.01656027182287
88.14103623446837
87.3284820000761
86.564378264032
85.696254732193
85.00394899087817
84.33326658019433
83.67930230371803
83.0381098177104
82.28106750822788
81.65747336162215
81.03821056771605
80.42149737056053
79.8058105782794
79.18985132095429
78.57250078727904
77.95279744872313
77.20484978053734
76.57710988704875
75.94464083084948
75.3117913691155
74.68523110374124
74.06419308523365
73.4480727108261
72.83634394382844
72.10744908678541
71.50391248476602
70.78383781705814
70.18694182007488
69.47414484503057
68.76483178323328
68.0587444450654
67.47266087117478
66.77200297577124
66.07410890180415
65.37887985827824
64.68624786471025
63.99617429322497
63.308624388628054
62.50964080130369
61.82748438002807
61.14779932803753
60.47057700001323
59.683572116871154
59.01160931411853
58.23071639658712
57.56398167292673
56.78910293776765
56.1274426120109
55.358477023273174
54.70196748396097
53.939237527277555
53.28846903728705
52.53329898838306
51.78357090825066
51.14652890392538
50.41194604515313
49.68977085007141
49.08343686080124
48.39339224556268
47.72215379500077
47.06753569668412
