0.05030202759700753
0.05049272542980614
0.05066184289087835
0.05080289417210285
0.05093759875886432
0.05108108008197523
0.0512060912660646
0.05131029777854286
0.05143003584605654
0.051530937412509005
0.051612887303609384
0.05169701473517755
0.051763463231497275
0.05179605420184632
0.05179962070252464
0.05181247022176238
0.05180479298377983
0.05178062449448295
0.05177949915275481
0.05175561541526425
0.051699223273379315
0.05161959680606184
0.051563433464777354
0.05152267270877316
0.051494732499435904
0.05145904238428312
0.051403297790121774
0.05131686776899061
0.0512078900518444
0.05109257885499572
0.05095308451461365
0.05079419416523817
0.05064989954785883
0.0504843885254395
0.05029665288266898
0.050099499031365645
0.04988947380062655
0.04969497484725922
0.04952486454809739
0.04937744951020469
0.049215665713287025
0.04903663632224931
0.04886265227527362
0.048695393832269646
0.04852722020953043
0.04836083577796294
0.04821794657601337
0.04807064442395939
0.04792094839894962
0.047785538475486174
0.047638901460274365
0.04747371409167895
0.04729672694636274
0.04712704147761619
0.04695943581705838
0.04679231121454345
0.04663089930681531
0.046475871832094055
0.046318100353875714
0.04615644431832193
0.04594090926589557
0.04570916861192754
0.045481039187120556
0.04527724776585197
0.04510724163131053
0.04494271534478237
0.044777776892245866
0.044612639377649456
0.0444373263482056
0.044255332839755225
0.04411518566934661
0.043965943929373516
0.043799185676941126
0.043622380700792024
0.04345807704954581
0.043301936954537795
0.04315620256012384
0.043031014896973
0.04289876528335331
0.04275789803528662
0.0426235993554528
0.042504816159390856
0.04237886675356902
0.04224847197258818
0.042142896757883276
0.042050789673969295
0.04196127467415526
0.041877287442270296
0.04181346225148374
0.041734674916374406
0.041630047007021775
0.04153230192955858
0.04142807985139417
0.04130922508527446
0.04118171064727652
0.04103441328270973
0.04087529263977005
0.04071216761979783
0.04055059285090949
0.04036236584333004
0.040151237567574646
0.03993702988677103
0.039722065186638074
0.03950320788996077
0.03928963059291865
0.03908801728561114
0.03890591930487029
0.03873873959738402
0.03857371516715492
0.03842460464623631
0.038272089814555335
0.03811468467297036
0.03795168366298748
0.03779109542966366
0.037635566075545544
0.037500525324314804
0.03737021886259842
0.03722922585255256
0.037073631585553095
0.03693904761030553
0.03680126940608073
0.03665982014105116
0.036518512024207084
0.03636731225008856
0.036216502173199515
0.03609527692689385
0.035978594402632826
0.03585138906164338
0.035713977041289396
0.035601063528920056
0.035501853592726326
0.035406089859567044
0.0353049234466726
0.03520102739689654
0.0350876968318277
0.03496729227888772
0.034809068652282595
0.034644720437031526
0.034478368533976005
0.03432704939934273
0.034168719216157786
0.0339966927708946
0.03381245435727082
0.033638286561056156
0.033492630977437536
0.033369366383270316
0.03326399579461988
0.03315719354257315
0.03303708700681093
0.0329057879022099
0.03279620536258042
0.03268149483263225
0.032562296173855886
0.032459193653925904
0.03236058151465264
0.03226134460638396
0.03216419872879557
0.03205853738063373
0.031943436510875424
0.031819403112751755
0.0316979632100879
0.03157280216363808
0.031444989442078436
0.03132823574336568
0.031236674917632497
0.03113284834721241
0.03101527377757036
0.030918337962922992
0.030818938314380685
0.030716926201786385
0.030624636091880878
0.030530940198213126
0.030459664047488615
0.030419628770798623
0.030394575342805295
0.030363383229970835
0.03032510529192766
0.030291276563084994
0.030260881380737126
0.030225016368982848
0.030183096806883036
0.030157848588181418
0.0301281730950638
0.030091180179926943
0.030060754499470488
0.030026355865239676
0.029988071001866956
0.02995206590940562
0.02994869684373786
0.029946338322824638
0.029941241208260562
0.02993607234915234
0.029926727208392196
0.029904821406011126
0.029870502843309103
0.029842923837770634
0.029814755079335318
0.029782867385938765
0.029746486688747825
0.02969477818741476
0.02963470202255828
0.029588063989835336
0.02955221383364695
0.029519460786942002
0.02948929041228667
0.0294651910109251
0.02945339316820482
0.029440497030859304
0.029431368533215933
0.029437198288130215
0.029450240526453918
0.029466851264060796
0.029488079007850245
0.029517331977429704
0.029548575241212013
0.02957959725184634
0.029629365766864358
0.029737774329021558
0.029916786403050313
0.030100795578823634
0.03029646118244326
0.030510690751718146
0.030741825384556786
0.03097322362010144
0.031201687277514316
0.031430228942155074
0.031674746797293825
0.031927525983894464
0.0321831091180036
0.03244034142733201
0.032697727342277196
0.03295540062425165
0.033219854622818915
0.03367838873567094
0.03414132574908439
0.034600383735783044
0.03505662624868748
0.03553388168102707
0.036014006595995234
0.036489356298518634
0.03685865639823601
0.03719541712553039
0.03752726575609411
0.03786179918880963
0.03818759396393603
0.03850714445157505
0.03882719879609316
0.039140246784572515
0.039438282601305885
0.03972220135258992
0.040014825049637194
0.04029755098875593
0.04056453607817604
0.04081936876328518
0.04108911025605049
0.04134311148982052
0.0415789924622187
0.04181139523288299
0.042031998428314774
0.042236655532993446
0.04243577312210471
0.04263529283482898
0.042815390376580914
0.04297704366488998
0.043152244911252226
0.04330891363101727
0.04344905424630909
0.04359084478449621
0.043710024471016753
0.043798936911164155
0.043858164247448594
0.043930003022839614
0.04398406919923257
0.0440206094005699
0.04405288956425756
0.04407114374179166
0.044076641172722406
0.04407718779718165
0.04408570868734867
0.04408952764951092
0.044084523474237365
0.04407683361504102
0.04407462784593902
0.04407316856951253
0.044082342817950704
0.04413874077020187
0.04418852640748644
0.04422890020615842
0.044293282623249844
0.04436174276113638
0.04442647521458445
0.04449366669982871
0.04455131225412727
0.0445993046254678
0.04464180311018078
0.044702359537027773
0.0447477431989332
0.04478298595153347
0.04482680162070056
0.04488174830715971
0.0449317351938841
0.044979853338028564
0.045039267157057666
0.04510350569560698
0.04515974786082874
0.0452139484300796
0.04528773257469796
0.04535541800073988
0.04541082249385965
0.045499040716691974
0.04556204435724041
0.04560877059235732
0.04566727462896535
0.045744031625071686
0.04580592925714018
0.045841493434317135
0.04581639550305528
0.04578943771731424
0.04575548291959425
0.04572529771704818
0.045690114084426345
0.045636433216241494
0.045568175993853315
0.0455240932304497
0.045453733879938306
0.04535843804092285
0.04525921114089128
0.045155664770769294
0.04503420468263745
0.04489475645288169
0.04474997015215346
0.04460285053588136
0.04449520479871756
0.04466627374428433
0.0448677465193852
0.04507364668856713
0.04527857147503938
0.04553424404782612
0.04579090996773003
0.046043434053156224
0.04630362327052476
0.0465506157729145
0.046772693353893044
0.04696878464181133
0.047221426303309
0.047455478795004634
0.047667005508215954
0.04789453479967636
0.048109355283822215
0.04831057519208626
0.048515632510566196
0.048726267947296245
0.04892164440219762
0.04909926103663846
0.04927957262188539
0.04944074354324485
0.04958870194047449
0.049759937041608575
0.04994692818619864
0.050129500170214426
0.050302027597007505
