0.75
0.21894493629482165
0.12988364217614554
0.7350638574938873
0.32043748732176996
0.06034817659633032
0.6914452345246844
0.4262764568279376
0.015877694878730763
0.62261876559153
0.528030773180022
1.4690102011077577e-05
0.5340671277513739
0.61759474587324
0.014022800132412527
0.43284429370784405
0.6878337601899414
0.05678614695577306
0.32701361638972326
0.7331526165177356
0.1248982268804018
0.2250055068793682
0.7499412407428843
0.2129332706682081
0.1349458726990501
0.7368622606845425
0.31387845720161045
0.0640088126763187
0.694957540395969
0.41969255079330714
0.017845132344316388
0.6275651858713448
0.5219464614110813
0.00013220401261876318
0.5400536334360153
0.6124947011573624
0.012281029397294068
0.4393940031865416
0.6841242491653342
0.05332384003312955
0.3336047835603572
0.7311291367059537
0.11999118915474793
0.23111308314384676
0.7497649813856717
0.20697239395156122
0.14008333203362283
0.7385472625012455
0.3073385815158435
0.06776690801570279
0.6983695771078816
0.41309463888623305
0.019924495968295285
0.632432456590119
0.5158160991626296
0.000367195007006998
0.5459884141666036
0.6073202297097036
0.010652928514199182
0.4459235326983594
0.6803178639474607
0.04996234085550747
0.34020892327587715
0.7289940521821178
0.1151640667799381
0.23726575107948883
0.7494712771649967
0.20106417418054817
0.14529441018896266
0.7401183348935693
0.30081990974839945
0.07162128489240091
0.7016802753871287
0.40648478877819316
0.02211513411407108
0.6372190524293907
0.5096416075841684
0.0007195894430623999
0.551869610085502
0.6020729531201211
0.009139007701786009
0.4524308360016792
0.6764157973916152
0.04670270285861064
0.34682396591311754
0.7267480320447904
0.11041837249263756
0.24346158254657607
0.7490602201226821
0.19521046288906024
0.1505774741033032
0.7415749855145988
0.2943244847382671
0.07557073541136289
0.7048885977181301
0.3998650718818917
0.024416360273536813
0.6419234733528097
0.5034249216545688
0.0011892768864635056
0.5576953781276272
0.5967545157943445
0.0077397413966533105
0.4589138738201919
0.6724192723379687
0.043545947556610606
0.35344783843212546
0.7243917801578372
0.10575559351135741
0.24969863587868582
0.7485319390768956
0.1894130945289741
0.15593086815578636
0.7429167578752227
0.28785434203930393
0.07961402188310326
0.7079935386681561
0.3932375627021135
0.02682745328221469
0.6465442450762235
0.49716798957568054
0.0017761101452889766
0.5634638925980338
0.5913665844386469
0.0064555681046602744
0.465370614481972
0.6683295412283516
0.04049306422202174
0.36007846502581586
0.7219260349298467
0.10117719107038578
0.2559749564911763
0.7478865995817802
0.1836738858952661
0.1613529146853051
0.7441432314871893
0.2814115092823283
0.08374987721157204
0.7109941252024139
0.3866043381856099
0.029347657545256575
0.6510799195296921
0.49087277216180136
0.0024799053161450044
0.569173345744055
0.5859108475375289
0.0052868902635063416
0.4717990345561678
0.6641478857137602
0.037545009575680306
0.36671376777049347
0.7193515690827279
0.09668459996186254
0.26228857749371876
0.7471244038755721
0.17799463555666023
0.16684191451625335
0.7452540219948814
0.27499800553969467
0.08797700529124047
0.7138894169889802
0.3799674770702205
0.03197618327423432
0.6555290753112879
0.4845412422251907
0.003300441841797448
0.5748219483218224
0.5803890148245765
0.004234074116614199
0.47819711948710997
0.6598756162527094
0.034702707486924736
0.3733516672770384
0.7166691894095505
0.09227922808613995
0.2686375203066876
0.7462455908172234
0.17237712329198773
0.1723961474910186
0.746248781295765
0.2686158406925522
