1.5
1.499771560132161
1.499086518847434
1.4979457107631025
1.4963505257780887
1.494302907379578
1.4918053502751771
1.4888608973534987
1.4854731359768696
1.4816461936106826
1.4773847327947154
1.4726939454625452
1.4675795466159753
1.4620477673621877
1.4561053473220977
1.4497595264191645
1.44301803605866
1.4358890897081407
1.4283813728906054
1.4205040326025207
1.4122666661696166
1.4036793095540228
1.394752425126994
1.385496888922124
1.3759239773845717
1.3660453536324522
1.3558730532471217
1.3454194696096775
1.3346973388015302
1.3237197240874519
1.3125
1.3010518360447092
1.289389180045904
1.2775262411534252
1.265477472530967
1.2532575537471256
1.2408813728906054
1.2283640084313747
1.2157207108498755
1.2029668840566599
1.1901180666250988
1.1771899128600247
1.1641981737253702
1.1511586776540472
1.138087311263438
1.125
1.1119126887365622
1.0988413223459528
1.08580182627463
1.0728100871399753
1.0598819333749012
1.0470331159433404
1.0342792891501245
1.0216359915686253
1.0091186271093946
0.9967424462528743
0.984522527469033
0.9724737588465749
0.9606108199540959
0.9489481639552911
0.9375
0.9262802759125482
0.91530266119847
0.9045805303903227
0.8941269467528782
0.8839546463675478
0.8740760226154282
0.8645031110778763
0.8552475748730058
0.8463206904459772
0.8377333338303833
0.8294959673974793
0.8216186271093947
0.8141109102918593
0.8069819639413403
0.8002404735808355
0.7938946526779024
0.7879522326378123
0.7824204533840247
0.7773060545374547
0.7726152672052844
0.7683538063893174
0.7645268640231304
0.7611391026465013
0.7581946497248229
0.755697092620422
0.7536494742219112
0.7520542892368974
0.7509134811525658
0.750228439867839
0.75
0.750228439867839
0.7509134811525658
0.7520542892368974
0.7536494742219112
0.755697092620422
0.7581946497248229
0.7611391026465013
0.7645268640231304
0.7683538063893174
0.7726152672052844
0.7773060545374547
0.7824204533840246
0.7879522326378123
0.7938946526779024
0.8002404735808356
0.8069819639413401
0.8141109102918593
0.8216186271093947
0.8294959673974791
0.8377333338303833
0.8463206904459772
0.8552475748730058
0.8645031110778758
0.8740760226154282
0.8839546463675476
0.8941269467528782
0.9045805303903225
0.9153026611984697
0.9262802759125481
0.9374999999999998
0.948948163955291
0.9606108199540958
0.9724737588465749
0.9845225274690328
0.996742446252874
1.0091186271093946
1.0216359915686253
1.0342792891501245
1.0470331159433401
1.0598819333749012
1.0728100871399757
1.08580182627463
1.0988413223459528
1.1119126887365618
1.125
1.138087311263438
1.151158677654047
1.16419817372537
1.1771899128600247
1.1901180666250988
1.2029668840566594
1.2157207108498755
1.2283640084313747
1.2408813728906054
1.2532575537471256
1.265477472530967
1.2775262411534252
1.289389180045904
1.3010518360447088
1.3125
1.3237197240874519
1.3346973388015297
1.3454194696096773
1.3558730532471217
1.3660453536324522
1.3759239773845717
1.3854968889221237
1.394752425126994
1.4036793095540228
1.4122666661696166
1.4205040326025207
1.4283813728906054
1.4358890897081407
1.4430180360586595
1.4497595264191645
1.4561053473220977
1.4620477673621877
1.4675795466159753
1.4726939454625452
1.4773847327947154
1.4816461936106824
1.4854731359768696
1.4888608973534987
1.4918053502751771
1.494302907379578
1.4963505257780887
1.4979457107631025
1.499086518847434
1.499771560132161
1.5
