180
179.44628891102852
178.93050965251052
178.2995979338103
177.7549157423363
177.06803659053546
176.45851185995525
175.6676994108878
174.94408232129393
173.97197778207172
173.04689852192803
171.7459833337311
170.4397022119035
168.84271213515532
166.34679446730846
163.50336883500802
158.5193983968889
152.14913139205268
140.4516361031387
128.066682303307
116.86270848813788
107.59460304587746
102.62358163655915
98.59152291756835
96.18236369925965
94.30149188232275
92.495126215548
91.24225506645696
90.14877677909327
88.98774568122774
88.11256783483319
87.29990824908649
86.53530691467752
85.6661196650409
84.97256270735443
84.3003069844807
83.64444737344107
83.0010309218013
82.24086867405238
81.61427800124149
80.99163449112925
80.3711297332972
79.75120941844932
79.13053920486969
78.50796032786347
77.88246672654634
77.12675806774246
76.49180753384083
75.85138549722897
75.20984144286112
74.57389879598104
73.94275016189228
73.31574900233794
72.6923239540043
71.94824879213778
71.33104658933189
70.59326984156789
69.98046446258104
69.24708877682073
68.51545635446226
67.78517358139817
67.17738789318602
66.44869993984804
65.72043935212105
64.99231032888729
64.26402587260147
63.53530314196886
62.80583116060984
61.953382516738856
61.221081750881794
60.4868299553773
59.75013754148957
58.88680088944558
58.14269159238073
57.268681133584984
56.513365894370686
55.62326375580979
54.850998432530645
53.93664204918048
53.138878504688506
52.1878111814064
51.35103747010688
50.34300169938822
49.29115465199415
48.344084761095694
47.16785958845759
45.88398423717226
44.65611519852542
42.97655437592389
40.736006201965395
