0.0100349268771675
0.0100349268771675
0.009972949620865973
0.009851759925230637
0.009709740569756008
0.00948744329001583
0.009257170945497552
0.008924336499435028
0.00859859688722702
0.008147269703938408
0.007719151425563104
0.007141486243599512
0.006606271914037632
0.0060237416030097385
0.005268214779455314
0.004603351789022775
0.003798659940560594
0.003186179267824375
0.0026978780766967816
0.002708986290801856
0.0031960163528163385
0.004271450088692642
0.005435406301193579
0.00705152784401514
0.00854284970420553
0.01014751946119911
0.012209110032402923
0.014032628307023905
0.015946422923196035
0.018355343152506795
0.02045070206031165
0.022620590258628625
0.024859505547297617
0.027629081977710114
0.029998835822717985
0.03241774202990915
0.034878876015772484
0.03737504202057586
0.040406268976930414
0.04295336687687126
0.04551163010495216
0.04807365126424187
0.050632124165301856
0.05317984924449881
0.05570990643848033
0.05821569299574276
0.0611816299609276
0.06361197335342952
0.0659986708957511
0.06831858558155812
0.07054332977380778
0.07267359947557253
0.07471021381922319
0.07665418277575954
0.07886613803579252
0.08061004921402497
0.08258507183257954
0.08413407052875865
0.085878119014406
0.08749841553777771
0.08899636311003205
0.09015214174719757
0.09142908661401515
0.09258702569328792
0.09362690559273498
0.09454959574493252
0.0953559235735604
0.09604659149542188
0.09670708252999256
0.09714932093698059
0.09747777391612991
0.09769290012044093
0.09780110166771398
0.09777168706789106
0.09759515196984005
0.0973218127672216
0.09685999892621294
0.09634079394110621
0.09558955356848012
0.0948188765089327
0.09376823889592234
0.09273359655938553
0.09136269404451008
0.08980392895597492
0.08830504731149291
0.08634269231260254
0.08410891326722426
0.08192164293673443
0.07891803334627374
0.07503266744180442
