4.28900982844417
4.304066389644898
4.317210439992265
4.327664361771971
4.337676670108215
4.348735529192506
4.3582487297744015
4.36598546892121
4.37526992418242
4.382903465699287
4.388930628870188
4.39546498059854
4.400355804376802
4.402108601693109
4.401230253958752
4.401230202945142
4.399290915347205
4.395773333852861
4.394228918878874
4.39056927862421
4.383815261170947
4.374873124171274
4.3678137787303095
4.36213342203026
4.3576166685852105
4.352363780230587
4.345447066786899
4.335759560834171
4.323998321008381
4.311613409733805
4.296891778606553
4.280318261282896
4.265178356563487
4.248231317063382
4.2293734450820555
4.209798153778472
4.189332657671545
4.171512678714287
4.157549120937032
4.146526595477316
4.13461744772079
4.121247555554669
4.108422970377773
4.096467652386613
4.084461035853042
4.072572543200336
4.063391765029288
4.054105230340219
4.0448215436320405
4.037403263288736
4.029112552953616
4.01930709617179
4.008435428949149
3.9989530973586733
3.9894913813894974
3.9799691173941087
3.9709988605100213
3.962485494843578
3.953697950282459
3.9445143706895647
3.931035243162367
3.9161403722244406
3.9014783455539352
3.8889399664025404
3.8795893152057754
3.8708422304596932
3.8622803325433823
3.8536651339064427
3.8440943142985717
3.8338556131967008
3.8269250360651563
3.81910903035591
3.8095054860936193
3.798842843092646
3.7894360896074035
3.7807832142634035
3.773065497937659
3.7673874661375852
3.7608514086975444
3.753375874658675
3.746426880566067
3.7407691247449986
3.7341965766163545
3.7268559837511024
3.7216763258264756
3.7180460866155576
3.714609226313661
3.711393866274324
3.7098126476513706
3.7064181096296056
3.7002672871492983
3.6947893202116506
3.688646808003367
3.6808462941220927
3.6719728274928616
3.6610203223473072
3.648777433347773
3.63623817648498
3.6239307416874587
3.608971308227683
3.5917204826286646
3.5738951799645777
3.555884319618251
3.5375252679771316
3.5198641185636292
3.503730588705086
3.4899885994803928
3.4781056764676888
3.4666594864628983
3.4568851678476045
3.4466615981714908
3.4358639263034507
3.424303966118253
3.4127120219019336
3.4013116092387032
3.391815627957298
3.3821536771010297
3.3710059048812857
3.3582421015955632
3.347661640205662
3.3364727005740717
3.3245297315211677
3.3122640686583327
3.2989064946588424
3.285383324141339
3.2744541323861043
3.263743752454782
3.2515528134779705
3.2380059084966146
3.227250145324904
3.21695136985026
3.2064441315732664
3.1952553383792845
3.183746820525673
3.170807336234353
3.15672682173853
3.1500076649714264
3.1425161066838845
3.1345867146670656
3.128047002881084
3.1205492362542295
3.1112895617002136
3.1003357375849876
3.0906145715608377
3.0830925862780756
3.077271998146347
3.0730552619809277
3.0683935107000746
3.061914810488094
3.053776365505239
3.0477043923026175
3.0408131270944505
3.0335133108220775
3.030734220274333
3.0287700085355036
3.026620018270695
3.0241850683194467
3.021055661854897
3.016604223617238
3.0109619432270427
3.0052419636062027
2.9986154834739738
2.9911287173499486
2.9843740760176938
2.9810942763891775
2.9762057848926693
2.9692990410812676
2.9647334913415158
2.959511478355613
2.9537523854681407
2.9491652591006257
2.94422211971182
2.9410764265047176
2.940443179386905
2.9408621287520784
2.939993750787434
2.93800907136366
2.9368903325747127
2.936333630322464
2.934880228744188
2.9325899124452492
2.9320832818475244
2.9307734390155593
2.9284330976574484
2.9267415919383604
2.924411173236726
2.9212578968644
2.917947205302909
2.9182700413754707
2.9182413609739886
2.9175370156057143
2.916629164568465
2.914810228701074
2.91123859078285
2.906064628110652
2.901470890535756
2.896373187336137
2.8905348896438987
2.8842636245973536
2.8759895513604694
2.8662548257519673
2.857548924237671
2.8500280311104187
2.8427031555220785
2.8355073820634407
2.8284417653325256
2.822128022206971
2.815082001826391
2.8078950444437356
2.8020241663213064
2.796436622705414
2.790542804545355
2.7849348164033256
2.7799161461905793
2.7747302032018815
2.769395839410797
2.7655481064208685
2.766397509350458
2.772887601281766
2.779958646596955
2.7877014192831795
2.796816688271552
2.807508608009696
2.818271949617135
2.82880938853512
2.8395796871179835
2.8519212964404526
2.8651000569904603
2.878468728341286
2.8920923135417693
2.9058897695188053
2.919771760802232
2.934248530922181
2.9714768027669924
3.0095305696897103
3.0474161427734523
3.0853406090295614
3.125644775193083
3.1662001063882053
3.2062970282241268
3.234984649988874
3.2602069760341847
3.284933432556661
3.310250672991602
3.334992081354767
3.359203644720647
3.3832293367749844
3.4065420049863606
3.42823207840659
3.448554049890038
3.4703477883251725
3.4911629791609124
3.5103219885178607
3.528423066848279
3.5480666629064004
3.5662249316248325
3.582900032937057
3.599404820972901
3.6147713478168706
3.62863314827984
3.64204946816375
3.655671077200838
3.667727944294514
3.678228115652935
3.690515465177075
3.701400141789995
3.71117363891647
3.721853584293564
3.730827977612626
3.736930370471967
3.7403589963914934
3.7458656476720837
3.749823552348767
3.752240359855557
3.7544806864466587
3.7555064716525246
3.7554851485706515
3.755171074746709
3.7555835568217883
3.7554530570814046
3.75452609508278
3.7534257193425744
3.753039151024336
3.7527404294378233
3.7534290975040476
3.7582873032829527
3.7625087336428544
3.765846142888238
3.7711810538911497
3.776833620157558
3.7819665613460436
3.7871857262947555
3.7914506016911202
3.794765874230619
3.7975358024095365
3.8021564904686542
3.8053675772348297
3.807481159027858
3.8102056659269183
3.814110835332893
3.817616305645618
3.820754950525697
3.8249014454257635
3.8291837156150192
3.8325982014676283
3.835933421329419
3.841640294512305
3.846799694554394
3.850779844876883
3.857679882430505
3.862619728684822
3.866199267128227
3.870671571870604
3.8773395779270423
3.8825495655826625
3.8852968283988654
3.887672094034457
3.8898228426223396
3.891154059537537
3.8925215515919986
3.893171090319383
3.891912961499845
3.8890160218450256
3.887945077880344
3.884608968285798
3.8790342465997876
3.87291666719282
3.8659561172214003
3.8569790937686457
3.8460176849233947
3.8345671860790844
3.8225081889894192
3.813548073201315
3.8292763926606734
3.8472008430144222
3.865184130687941
3.88284652934906
3.9050405396766603
3.927228654881174
3.9489600976433366
3.971433083995251
3.9925494592456525
4.011289917073627
4.027643853742799
4.04887716962826
4.0680847137873455
4.08495093507078
4.103221904134901
4.120263584171113
4.135971262545457
4.151897499153838
4.168191506497027
4.183260523499962
4.196906029961552
4.210906255733026
4.223283953081282
4.234468385240919
4.247478598820527
4.261974753060491
4.275941016061094
4.289009829171117
