45.10642134870216
45.09978990215579
45.08633290690233
45.06625851135215
45.039445824121486
45.00591022877639
44.96594482130093
44.919591827244155
44.86669987755338
44.807492375345205
44.741855775717575
44.670215375447256
44.59254310562344
44.50865729275059
44.41903412645605
44.32385430889199
44.222984629689535
44.11658949791787
44.005066814978036
43.88816819967322
43.76590933074459
43.638176095689275
43.50604741025001
43.369202647708725
43.22766819843979
43.08206399220035
42.93563054542675
42.7869374533026
42.63557300321756
42.48280827735438
42.32715115856729
42.16881652673287
42.00922720021632
41.847930387181655
41.68460112154185
41.52024028142572
41.3557681230139
41.19012878695407
41.02341487616184
40.85772839232426
40.691125806700285
40.52318406162842
40.35492326007177
40.18700743889656
40.01785306313272
39.848018909158206
39.68079683940573
39.512584012914346
39.34371071734672
39.17700248524552
39.01150047317215
38.845861273269996
38.68049069077388
38.51669379730313
38.351510071847905
38.18510386944234
38.0208418886744
37.856789132330974
37.69076685554071
37.52299188903378
37.35623510261258
37.197468645925866
37.047100204105305
36.901748149399495
36.75636447435442
36.60924591815318
36.4616291583587
36.31388693617717
36.16360958558059
36.010499782866816
35.85743917765544
35.71517465779488
35.57608673691408
35.43704277206342
35.298303024691755
35.158343033448034
35.01699122859971
34.878903397176266
34.736990020668074
34.59116991522957
34.443636290452716
34.29707596101049
34.147570372254286
33.995073257684616
33.848701686010884
33.70369139514944
33.558013263114375
33.41410067606458
33.27393005242806
33.13097654331571
32.984672113268935
32.86917945855729
32.75116644185753
32.63065441611954
32.511691149049234
32.39025464484942
32.264011392803184
32.133716397023385
32.02133780924036
31.913353284757857
31.810212038369446
31.710029852878403
31.609127299184387
31.505827186443067
31.401082223495482
31.30129871721004
31.20086472242624
31.099962905521167
31.00681020347765
30.914972489818147
30.82132612033068
30.72691707500713
30.640090178921838
30.554481614332378
30.469657323281183
30.391126671329
30.3148064051706
30.24107740467567
30.17692601514025
30.115114072346664
30.052470312331803
29.98886595775918
29.92749993824345
29.86392592848844
29.79904444185764
29.734977358327438
29.67451853742524
29.616600566148215
29.562021292496365
29.511031133665025
29.45572488252486
29.393965778798023
29.325206549077393
29.265332203114415
29.20358210043644
29.136660420921345
29.077536959816463
29.015131902533184
28.944155884504585
28.870372663913276
28.795149545981428
28.717810810021543
28.642127755567437
28.57377774253742
28.49635674820807
28.41205360460975
28.33440073949283
28.255660747344972
28.173126142252162
28.08775560390071
28.00740100781021
27.918500112616087
27.821580025848743
27.738901525023433
27.657926462819347
27.574604294909594
27.494099196269662
27.44466609845003
27.39383621449998
27.33968478742061
27.292514448733403
27.2437469722862
27.191079863005847
27.13955578189678
27.09713893792284
27.057425153600366
27.021863737070095
27.006884303103813
27.01498449808814
27.031328085207083
27.04687373449118
27.06120697160668
27.07181076049854
27.07893025468112
27.09316738167224
27.102959181369396
27.110121706035894
27.122827534433966
27.1435582218393
27.160086794212365
27.172354013783263
27.191195856124008
27.207889891606133
27.21893795357636
27.22932762014342
27.248639966400876
27.26703755583915
27.28504421217403
27.30884036142571
27.329997819421337
27.345919427993632
27.36033121615366
27.376174747718345
27.388831559005258
27.397943740428275
27.411302419174184
27.42240240999227
27.432810413178963
27.453396396947515
27.477571899203813
27.500285860193344
27.521095234808865
27.542145901649352
27.55976093252357
27.573637526278407
27.59507583735341
27.60707676994844
27.614290233757647
27.627337242919005
27.649177044884574
27.671042558512955
27.693682060389502
27.720554027262537
27.7477869231066
27.772641600935714
27.800145888035026
27.833110958319118
27.861329472028913
27.881494006916657
27.925179095814542
27.96316296054783
27.996653183530697
28.034727736397606
28.07960611463418
28.121163092101334
28.156649461904923
28.19822689853771
28.24163664825265
28.286272919351234
28.340321208770035
28.392282087591333
28.43881320056717
28.480454827973187
28.52823991874039
28.57150889062251
28.61019955678761
28.64736888128243
28.679556149959346
28.705180919894726
28.725112515917065
28.746321842483066
28.76674792392472
28.795590489590786
28.890462077319278
28.981663273189426
29.073124588774732
29.174962563825385
29.279287166710695
29.380152182239964
29.478833313384303
29.585150878371614
29.696212817445677
29.810925998120762
29.934405448287087
30.061578507761674
30.186170987162257
30.30794206950229
30.432509296691975
30.55850818006482
30.68375465294746
30.811499678741026
30.946886012256897
31.080874807781246
31.212525680823607
31.344915848660275
31.476735705055418
31.60728935126746
31.74099128939309
31.87605505910805
32.011760097695586
32.150234511018816
32.29646071091085
32.45087063677718
32.610154257284464
32.77022963631107
32.93424504944652
33.10112317790983
33.27211063960258
33.452081064078634
33.63223178295206
33.811872334696254
33.99600869661677
34.185820990663146
34.37542178366673
34.564003240216095
34.75865952267673
34.95176218468978
35.142850405523824
35.33601646076265
35.52975923280734
35.72194715337749
35.91373468666494
36.106562372763484
36.29772458731526
36.48754837853436
36.67991116667421
36.87005563870636
37.05803808629746
37.24607083189935
37.433216561755806
37.617571773010624
37.79954623114544
37.98271291536571
38.16577145956224
38.346811344210614
38.52638457488063
38.70616821183061
38.88306675768094
39.05776700215338
39.2359867864467
39.41365447261139
39.59048458437229
39.76923225021826
39.94675904234897
40.121246690244355
40.292444901727876
40.46294451635424
40.630215177288484
40.79301001779016
40.95315298345153
41.11292733510983
41.27132619059369
41.429126784149744
41.5875339666985
41.74285003878722
41.89536249313118
42.04666716063863
42.1968305534146
42.34473906428292
42.49039872118593
42.63456116711621
42.775876455530074
42.91433991646412
43.050899343029826
43.1846252587254
43.314375016352486
43.44094787274798
43.56486597541207
43.68475354408448
43.80097666986764
43.91398909912847
44.02357240625989
44.129208860145894
44.2305287325233
44.328056947758924
44.420481730198794
44.50748426879105
44.58965337633271
44.66654061714922
44.73766709593472
44.80275335450636
44.86261711614823
44.91594220892115
44.96259021362311
45.00319806529443
45.03700319353564
45.06433854441611
45.08500225270367
45.09873046607416
45.10583828027573
45.106421348684016
