45.166139743983635
45.07598847550259
44.983564540749626
44.8888396955174
44.79208721147606
44.693758506915316
44.59422825881381
44.493472169851906
44.392139423805155
44.29005016238517
44.18769753416742
44.08563828546128
43.983257665739586
43.88091309890464
43.778431410297046
43.67683561831407
43.57552590342249
43.47492935356216
43.37647549223735
43.278737743104976
43.181082611075155
43.08390426928727
42.98948768380478
42.89754678199768
42.807990018873205
42.720329493897594
42.63370318170958
42.54732020477744
42.46187957346825
42.377830101713805
42.29393161003513
42.21027624108032
42.12895068438194
42.04774916716056
41.96635893075558
41.885369229112726
41.804275645915226
41.72576183778009
41.650920426562905
41.57895115215369
41.50635540059086
41.43264457679546
41.35931971158073
41.2864313045371
41.212850051407784
41.13869044776568
41.066167098246
40.992594328671814
40.91758485531304
40.843079547745305
40.76616889354819
40.68593941436355
40.60230775073443
40.51815554433819
40.431846211169194
40.34290991387885
40.252249592575076
40.15967901487165
40.06415118876577
39.96525975392208
39.85807500389106
39.7459080276684
39.63062423354896
39.51495838549909
39.40118527840643
39.285633350443135
39.16708540268915
39.045874713284846
38.920666536144246
38.79165283599778
38.66571186231699
38.53601332064251
38.400818670281325
38.261602471054665
38.12273242923789
37.98339230965243
37.84393931734126
37.707360469394025
37.568544049283965
37.426502289083416
37.284556811065585
37.14533489530325
37.004146256856
36.860930511502396
36.72271003183962
36.58848898020157
36.456052370329864
36.325064092767114
36.19901083747158
36.07019657923831
35.93655828355563
35.80602684697725
35.67543296872565
35.542568638484
35.40861026442178
35.271198706458804
35.13175953193722
34.99355679587988
34.85806644806386
34.71654986066006
34.56999207195933
34.423181011069275
34.27751665679871
34.13212294381522
33.990768720389596
33.856222540224906
33.731504241655514
33.61534189773697
33.50290773319784
33.39850471812205
33.2948530195138
33.190983641352254
33.086453468295915
32.98341135756805
32.8831658278959
32.791780064984536
32.700870264757086
32.6057272765781
32.505779876526034
32.41482974611725
32.322237393550935
32.22745921362118
32.13210009383733
32.03216292172451
31.931114476059903
31.84133772390401
31.752564644700264
31.656817814875875
31.554217679903168
31.463799834409077
31.374846710137344
31.28409202608589
31.189234864621636
31.092081874940202
30.98675972551993
30.87481710788284
30.79796091428778
30.7164430569902
30.632156966248445
30.55448517552977
30.471662302670676
30.379242637331007
30.277412892185094
30.181147530434465
30.096767317415132
30.022196742574895
29.956534870413755
29.888687420949633
29.812171581771594
29.727533457486864
29.655281023247795
29.579850004014805
29.503464264487317
29.45474949472261
29.41263354815663
29.371888842782685
29.33186207740274
29.289707946672067
29.242665153268646
29.19135089527622
29.142421846468334
29.090094763070436
29.035470896527993
28.98815767905275
28.96453574597669
28.933246009084524
28.892813910460767
28.8695107152086
28.844972803442094
28.82043574875631
28.80538059134739
28.791315770405667
28.79078249724177
28.80928124586962
28.83721482385317
28.860700335205642
28.880181891220307
28.907714665495003
28.941932104222445
28.974583570844608
29.005537782293104
29.05043284883746
29.094852306263647
29.136337271793337
29.184640712271946
29.233570088201255
29.28213171863346
29.333080345502363
29.40947262538829
29.487449769064924
29.566187896377496
29.646696396928828
29.724907907667724
29.797000386449636
29.86419972663092
29.937209083165204
30.010131644707258
30.081350761698324
30.15380329053252
30.216510820852736
30.2722976177321
30.335995284733084
30.407664155942598
30.480587809192542
30.55315664292908
30.627194131352933
30.7033380849255
30.773555067842473
30.841588276715964
30.913390605460556
30.98318315807894
31.04774043187717
31.10843695532405
31.167258877439426
31.218905828298002
31.262890622674746
31.308691119343482
31.371278264565202
31.45548966088267
31.53437257972772
31.606890270437486
31.676675161207715
31.745101478635526
31.804162009315
31.851502231239724
31.890071340136465
31.927253116386343
31.95886000242907
31.981737182754106
31.996667427449534
32.00432791955728
32.00443549604292
31.999711528442788
32.09518917742331
32.18595237421574
32.268410950623114
32.344202068246695
32.42402508265354
32.50029030497805
32.570472770858316
32.59078040781477
32.59631495584709
32.60002565395968
32.607416263076225
32.614695447726035
32.622496228806845
32.63309967349274
32.64556104202897
32.65674726915498
32.668182809469634
32.69183064922737
32.718319668344925
32.74587551010338
32.77717683482709
32.82182922271788
32.86993722847072
32.92058638829974
32.97893130859336
33.04253000940037
33.10945376694857
33.18277893656378
33.266489973642585
33.353153815910034
33.44221166482901
33.54598452101072
33.65381319612348
33.764971804551685
33.88588164037852
34.009564861388164
34.130795455550356
34.25054446859457
34.382782577611366
34.51669312735568
34.6521748830127
34.79234099618521
34.93388262835673
35.077663127909766
35.225292241057005
35.379306055964264
35.5352211602927
35.6929923527777
35.85387684832434
36.019511906642265
36.188086507753155
36.36220238317082
36.54771305210152
36.73348887896173
36.91927112267584
37.11082363066376
37.30410655220465
37.49744143966571
37.69208249264294
37.88582062636326
38.07904704756467
38.27231813836142
38.470041834112735
38.66604234022204
38.861434194661655
39.059113471567116
39.25944160187716
39.46012290044116
39.66099090066524
39.8641639454894
40.06793769509471
40.27117885301704
40.47502823612651
40.6819794013442
40.88804110030166
41.09281248188409
41.30036591887418
41.50535261985597
41.70860237861545
41.911516425845114
42.114678575797136
42.31540148355178
42.5125476639779
42.707740739598556
42.90073067497603
43.090632597126394
43.277635409798485
43.46129312770251
43.64087226267187
43.81576877472651
43.98734080563888
44.15373435246198
44.31489546181203
44.47114021581498
44.621865556747636
44.76681156638111
44.90561565418496
45.037940519552315
45.16383001774801
45.28269453155313
45.39144684837121
45.49071023764205
45.58084375148855
45.66155420586017
45.73201917528631
45.793024565246036
45.844581459468536
45.88662933206127
45.91977785904203
45.94462252831176
45.96108309454823
45.9673347290086
45.9661471916457
45.957494193448134
45.94044429493925
45.915861253072514
45.884836572955244
45.84665009943405
45.80174333250488
45.75113307376626
45.69446508855565
45.632470886840586
45.56560555503572
45.49396654682634
45.41766744321153
45.337252729764025
45.253301145700696
45.16613974395549
