5.019779819047788
5.022756236992362
5.026472756980946
5.031215533140335
5.03750982687105
5.045430008108008
5.052458314720874
5.058218243932078
5.065612916635265
5.071693405059211
5.076052808711999
5.080784384200431
5.086917969125962
5.091692097245075
5.095372692763023
5.101712961245227
5.107292835505455
5.111877307488717
5.11736837226776
5.122028478036484
5.124643924669173
5.125756472374882
5.128156859439493
5.129637683778402
5.130516589690571
5.131727686559189
5.1401715851845236
5.150912931986511
5.16148341192264
5.174413656716719
5.186568080059063
5.197099266464924
5.208320916377194
5.219055473662086
5.228190844403067
5.237110121613024
5.246606144145111
5.254850464405133
5.261795740443499
5.269806984063423
5.276047764893753
5.280029758270672
5.282774748790234
5.284693098513
5.284398028070628
5.281921124813919
5.280562141351392
5.276920188953214
5.271194301178979
5.265666858338604
5.259417157009059
5.2515203776227874
5.242333086200712
5.232529467538849
5.220085569435554
5.205296473058552
5.19062392029604
5.174777622062703
5.156289717577849
5.135392601681573
5.114068272389627
5.096503212490902
5.082514674015233
5.070178849645149
5.056526846559462
5.040811647316058
5.023894413474313
5.00591855198573
4.985860406908634
4.963808066791158
4.941467156519359
4.923789928997632
4.907164252790755
4.8902220836414045
4.873270430151632
4.855327453265873
4.8365764099604425
4.819372885745032
4.800541451831686
4.779999451212865
4.75907464269139
4.738898676239018
4.717933579417058
4.696186435838073
4.677139028058001
4.6589051273577455
4.640716829115886
4.6234957892039
4.607805633927497
4.591591022644166
4.574546397488718
4.567701116035631
4.559903587617457
4.551389771695054
4.54328400670023
4.5342786862275
4.52369470699065
4.511794895594391
4.504725183688932
4.498646400293998
4.493473252460686
4.488735927209871
4.483320986729592
4.47653991837454
4.468593390629816
4.4614091203442765
4.453294991503083
4.4441826710979075
4.436269019034233
4.427781358395958
4.417853165963638
4.406694283424653
4.396499671466882
4.385532034633529
4.37369308777094
4.362217227434499
4.35018162540409
4.337688125897074
4.326341446345527
4.3142878256232695
4.300873436052759
4.286200733279789
4.271027025366545
4.254133844786594
4.235943880294803
4.217043233119135
4.198095927407245
4.178733262977048
4.159275838778231
4.1398522141306815
4.118725141858783
4.095543940941183
4.070094606831541
4.0461453072365146
4.021504553166431
3.9955535393947708
3.97092284081094
3.945540556620485
3.918510981481623
3.891070973233594
3.8635327705607057
3.8359731933574315
3.8093172295314206
3.7844187326009258
3.7584195330446697
3.731852399477061
3.7072498016823143
3.6832148232553217
3.659370210462757
3.6359429170929722
3.614348424345229
3.592243746819579
3.569912505039257
3.550931585210404
3.5332950911414613
3.516339329615338
3.5009201708001334
3.4913192069145658
3.482487803495827
3.474175709472392
3.4680061214891484
3.4627159683459383
3.4578183842992702
3.454009786788929
3.452680074016653
3.4525900007463397
3.4538807531620064
3.458860133108583
3.467893584139071
3.4787886429293744
3.4902874808934703
3.502013219804865
3.513613331009165
3.5251312670455723
3.538113741491158
3.550699555959237
3.5630992266691
3.5764935152438233
3.5911283348087597
3.605104577815127
3.6183435410608236
3.6324110515358528
3.6459383798433866
3.6582449549203555
3.6700345553670846
3.6828422384562
3.6950556068085816
3.7066063820380397
3.718532503538922
3.7294195527383036
3.7388221245791247
3.747306046803842
3.7553728219761195
3.7622341971491196
3.7676820676504787
3.7731284893590225
3.7775003378509577
3.7809661188982853
3.7855179085531003
3.789989902914185
3.793588961433108
3.796316342603659
3.798536406052532
3.799636739718789
3.7996824926705925
3.8005973687692687
3.7991575051451725
3.79634305776701
3.794286215100799
3.7936737344057505
3.7928314445742877
3.7919916420463005
3.791910207072397
3.79193471524195
3.791671439228078
3.792043976444792
3.7934906658195806
3.794350685290806
3.7940998716358587
3.7983263478359146
3.801898636649117
3.8051010702875603
3.8095833301586337
3.815662829014568
3.821671064298282
3.8271147847671707
3.8342006769164807
3.842097716066091
3.85073870487618
3.8616467755489383
3.8726620611668956
3.883167015336977
3.8933334779703137
3.9050122825310516
3.916295306733791
3.9271658842008796
3.9381193630412286
3.9482314612483562
3.9573511315063854
3.96565375950526
3.9741992777328567
3.9825504100656897
3.992477195006092
4.015351984972863
4.037554171680374
4.05992214133054
4.084573226115423
4.109664906492283
4.1338907519234755
4.157465545682763
4.182437032581547
4.208486004923114
4.235102308507472
4.263477387243226
4.292298426726
4.3200934412699175
4.3466956322128425
4.3734493451368515
4.399724853597925
4.425151796979229
4.450440885051755
4.476915108969937
4.5019697370863225
4.5254606049779165
4.548111507663644
4.569513797805481
4.589314733233952
4.608860847476985
4.627684322385614
4.645556076545101
4.662709145745631
4.681235519952517
4.701113292480274
4.72139657844404
4.740679247886692
4.760095763053869
4.779283797056773
4.798665042853888
4.81994205697361
4.8403398703748115
4.859495117561885
4.8791946327368585
4.900251316831996
4.920405397999963
4.939213441329255
4.959772211063465
4.978795682097458
4.996108184384242
5.013672790802429
5.03073935801627
5.046404984645545
5.061272519630652
5.07599566377862
5.089321564780035
5.1013309412438375
5.11444355477205
5.125919931671847
5.135686910783877
5.144949718655965
5.153655389164123
5.160454452844699
5.1653978404422265
5.170929088050202
5.17650831135734
5.18084312028367
5.184022627575419
5.187238771023521
5.188850663266577
5.188952288068663
5.192089236433616
5.195290838649182
5.1985113061453525
5.204598939376613
5.2108075499798305
5.215052240251496
5.217280197050589
5.2199819160811005
5.2205303368778
5.21762875321888
5.212740416148213
5.208599173109972
5.204212726649144
5.200418181784072
5.19979474090158
5.197003006199332
5.19214240558583
5.187680856511551
5.184231971766313
5.180000277285228
5.175345273188391
5.172222240153477
5.167589980055305
5.161468485590874
5.156371064713207
5.150395133660155
5.142477006481007
5.133167240154908
5.124004494736413
5.112640678139965
5.099260009512978
5.08737042495952
5.077912343061093
5.068536043232184
5.058469617079287
5.053201466830373
5.046482018370996
5.037766478579471
5.031600901386799
5.025855446137787
5.019800502543976
5.01535606227547
5.016404468135063
5.016972801799709
5.016065058026636
5.017435945941196
5.017923324933582
5.01742241784555
5.018733805692194
5.020151815112568
5.0203002978719935
5.01977981985151
