 numangles= 181
  g= 6.00007D-01
   scat. angle           m2               m1              s21              d21           phase func.      polarization  
    0.0000D+00       7.1528D+00       7.1528D+00       7.1528D+00       0.0000D+00       7.1528D+00       0.0000D+00
    1.0000D+00       7.1474D+00       7.1478D+00       7.1476D+00       8.2907D-04       7.1476D+00       3.0338D-05
    2.0000D+00       7.1312D+00       7.1329D+00       7.1321D+00       3.3090D-03       7.1321D+00       1.2128D-04
    3.0000D+00       7.1044D+00       7.1082D+00       7.1063D+00       7.4183D-03       7.1063D+00       2.7262D-04
    4.0000D+00       7.0670D+00       7.0738D+00       7.0704D+00       1.3121D-02       7.0704D+00       4.8402D-04
    5.0000D+00       7.0192D+00       7.0298D+00       7.0245D+00       2.0368D-02       7.0245D+00       7.5498D-04
    6.0000D+00       6.9614D+00       6.9765D+00       6.9689D+00       2.9097D-02       6.9689D+00       1.0849D-03
    7.0000D+00       6.8937D+00       6.9141D+00       6.9037D+00       3.9232D-02       6.9039D+00       1.4730D-03
    8.0000D+00       6.8166D+00       6.8428D+00       6.8295D+00       5.0686D-02       6.8297D+00       1.9183D-03
    9.0000D+00       6.7305D+00       6.7631D+00       6.7464D+00       6.3362D-02       6.7468D+00       2.4199D-03
    1.0000D+01       6.6357D+00       6.6753D+00       6.6548D+00       7.7153D-02       6.6555D+00       2.9766D-03
    1.1000D+01       6.5327D+00       6.5797D+00       6.5553D+00       9.1943D-02       6.5562D+00       3.5870D-03
    1.2000D+01       6.4221D+00       6.4769D+00       6.4481D+00       1.0761D-01       6.4495D+00       4.2496D-03
    1.3000D+01       6.3043D+00       6.3672D+00       6.3339D+00       1.2402D-01       6.3358D+00       4.9630D-03
    1.4000D+01       6.1800D+00       6.2511D+00       6.2132D+00       1.4104D-01       6.2156D+00       5.7253D-03
    1.5000D+01       6.0496D+00       6.1292D+00       6.0863D+00       1.5854D-01       6.0894D+00       6.5347D-03
    1.6000D+01       5.9139D+00       6.0019D+00       5.9540D+00       1.7638D-01       5.9579D+00       7.3893D-03
    1.7000D+01       5.7733D+00       5.8698D+00       5.8167D+00       1.9441D-01       5.8216D+00       8.2869D-03
    1.8000D+01       5.6286D+00       5.7334D+00       5.6749D+00       2.1251D-01       5.6810D+00       9.2252D-03
    1.9000D+01       5.4803D+00       5.5932D+00       5.5294D+00       2.3052D-01       5.5368D+00       1.0202D-02
    2.0000D+01       5.3290D+00       5.4499D+00       5.3806D+00       2.4832D-01       5.3894D+00       1.1215D-02
    2.1000D+01       5.1753D+00       5.3038D+00       5.2291D+00       2.6578D-01       5.2395D+00       1.2261D-02
    2.2000D+01       5.0198D+00       5.1556D+00       5.0754D+00       2.8277D-01       5.0877D+00       1.3338D-02
    2.3000D+01       4.8632D+00       5.0057D+00       4.9201D+00       2.9919D-01       4.9344D+00       1.4444D-02
    2.4000D+01       4.7058D+00       4.8547D+00       4.7638D+00       3.1491D-01       4.7803D+00       1.5575D-02
    2.5000D+01       4.5484D+00       4.7032D+00       4.6069D+00       3.2985D-01       4.6258D+00       1.6729D-02
    2.6000D+01       4.3913D+00       4.5514D+00       4.4500D+00       3.4390D-01       4.4714D+00       1.7903D-02
    2.7000D+01       4.2352D+00       4.4000D+00       4.2935D+00       3.5700D-01       4.3176D+00       1.9094D-02
    2.8000D+01       4.0803D+00       4.2494D+00       4.1379D+00       3.6906D-01       4.1649D+00       2.0300D-02
    2.9000D+01       3.9272D+00       4.1000D+00       3.9836D+00       3.8002D-01       4.0136D+00       2.1519D-02
    3.0000D+01       3.7763D+00       3.9521D+00       3.8310D+00       3.8985D-01       3.8642D+00       2.2747D-02
    3.1000D+01       3.6279D+00       3.8062D+00       3.6805D+00       3.9849D-01       3.7170D+00       2.3983D-02
    3.2000D+01       3.4823D+00       3.6625D+00       3.5324D+00       4.0592D-01       3.5724D+00       2.5225D-02
    3.3000D+01       3.3398D+00       3.5215D+00       3.3870D+00       4.1212D-01       3.4306D+00       2.6470D-02
    3.4000D+01       3.2007D+00       3.3832D+00       3.2447D+00       4.1709D-01       3.2920D+00       2.7718D-02
    3.5000D+01       3.0653D+00       3.2482D+00       3.1057D+00       4.2082D-01       3.1567D+00       2.8968D-02
    3.6000D+01       2.9336D+00       3.1164D+00       2.9701D+00       4.2333D-01       3.0250D+00       3.0218D-02
    3.7000D+01       2.8058D+00       2.9882D+00       2.8383D+00       4.2465D-01       2.8970D+00       3.1469D-02
    3.8000D+01       2.6822D+00       2.8636D+00       2.7103D+00       4.2479D-01       2.7729D+00       3.2721D-02
    3.9000D+01       2.5627D+00       2.7429D+00       2.5863D+00       4.2380D-01       2.6528D+00       3.3974D-02
    4.0000D+01       2.4474D+00       2.6262D+00       2.4664D+00       4.2172D-01       2.5368D+00       3.5232D-02
    4.1000D+01       2.3364D+00       2.5134D+00       2.3506D+00       4.1860D-01       2.4249D+00       3.6495D-02
    4.2000D+01       2.2297D+00       2.4048D+00       2.2391D+00       4.1450D-01       2.3173D+00       3.7767D-02
    4.3000D+01       2.1273D+00       2.3002D+00       2.1318D+00       4.0948D-01       2.2138D+00       3.9051D-02
    4.4000D+01       2.0292D+00       2.1998D+00       2.0288D+00       4.0360D-01       2.1145D+00       4.0352D-02
    4.5000D+01       1.9352D+00       2.1035D+00       1.9300D+00       3.9694D-01       2.0194D+00       4.1675D-02
    4.6000D+01       1.8454D+00       2.0113D+00       1.8354D+00       3.8955D-01       1.9283D+00       4.3026D-02
    4.7000D+01       1.7596D+00       1.9232D+00       1.7450D+00       3.8151D-01       1.8414D+00       4.4411D-02
    4.8000D+01       1.6778D+00       1.8390D+00       1.6587D+00       3.7289D-01       1.7584D+00       4.5837D-02
    4.9000D+01       1.5998D+00       1.7587D+00       1.5764D+00       3.6377D-01       1.6793D+00       4.7312D-02
    5.0000D+01       1.5256D+00       1.6823D+00       1.4980D+00       3.5422D-01       1.6040D+00       4.8845D-02
    5.1000D+01       1.4550D+00       1.6096D+00       1.4234D+00       3.4430D-01       1.5323D+00       5.0443D-02
    5.2000D+01       1.3879D+00       1.5405D+00       1.3525D+00       3.3409D-01       1.4642D+00       5.2116D-02
    5.3000D+01       1.3241D+00       1.4749D+00       1.2852D+00       3.2364D-01       1.3995D+00       5.3872D-02
    5.4000D+01       1.2636D+00       1.4127D+00       1.2213D+00       3.1303D-01       1.3381D+00       5.5720D-02
    5.5000D+01       1.2061D+00       1.3537D+00       1.1608D+00       3.0231D-01       1.2799D+00       5.7668D-02
    5.6000D+01       1.1516D+00       1.2979D+00       1.1034D+00       2.9154D-01       1.2247D+00       5.9725D-02
    5.7000D+01       1.0998D+00       1.2450D+00       1.0491D+00       2.8077D-01       1.1724D+00       6.1899D-02
    5.8000D+01       1.0508D+00       1.1949D+00       9.9762D-01       2.7005D-01       1.1229D+00       6.4195D-02
    5.9000D+01       1.0043D+00       1.1476D+00       9.4895D-01       2.5943D-01       1.0759D+00       6.6621D-02
    6.0000D+01       9.6012D-01       1.1028D+00       9.0290D-01       2.4895D-01       1.0315D+00       6.9180D-02
    6.1000D+01       9.1827D-01       1.0605D+00       8.5935D-01       2.3863D-01       9.8939D-01       7.1877D-02
    6.2000D+01       8.7858D-01       1.0205D+00       8.1815D-01       2.2853D-01       9.4952D-01       7.4712D-02
    6.3000D+01       8.4093D-01       9.8260D-01       7.7917D-01       2.1865D-01       9.1176D-01       7.7688D-02
    6.4000D+01       8.0521D-01       9.4677D-01       7.4229D-01       2.0903D-01       8.7599D-01       8.0803D-02
    6.5000D+01       7.7131D-01       9.1287D-01       7.0739D-01       1.9969D-01       8.4209D-01       8.4055D-02
    6.6000D+01       7.3913D-01       8.8077D-01       6.7435D-01       1.9064D-01       8.0995D-01       8.7439D-02
    6.7000D+01       7.0858D-01       8.5036D-01       6.4305D-01       1.8189D-01       7.7947D-01       9.0949D-02
    6.8000D+01       6.7957D-01       8.2154D-01       6.1339D-01       1.7346D-01       7.5055D-01       9.4579D-02
    6.9000D+01       6.5201D-01       7.9420D-01       5.8526D-01       1.6535D-01       7.2310D-01       9.8318D-02
    7.0000D+01       6.2583D-01       7.6824D-01       5.5858D-01       1.5756D-01       6.9703D-01       1.0216D-01
    7.1000D+01       6.0095D-01       7.4357D-01       5.3324D-01       1.5009D-01       6.7226D-01       1.0608D-01
    7.2000D+01       5.7730D-01       7.2011D-01       5.0916D-01       1.4294D-01       6.4870D-01       1.1008D-01
    7.3000D+01       5.5482D-01       6.9777D-01       4.8626D-01       1.3611D-01       6.2630D-01       1.1413D-01
    7.4000D+01       5.3345D-01       6.7649D-01       4.6447D-01       1.2959D-01       6.0497D-01       1.1822D-01
    7.5000D+01       5.1314D-01       6.5618D-01       4.4371D-01       1.2337D-01       5.8466D-01       1.2233D-01
    7.6000D+01       4.9383D-01       6.3679D-01       4.2391D-01       1.1745D-01       5.6531D-01       1.2645D-01
    7.7000D+01       4.7547D-01       6.1826D-01       4.0503D-01       1.1180D-01       5.4687D-01       1.3055D-01
    7.8000D+01       4.5803D-01       6.0053D-01       3.8700D-01       1.0643D-01       5.2928D-01       1.3461D-01
    7.9000D+01       4.4146D-01       5.8354D-01       3.6977D-01       1.0131D-01       5.1250D-01       1.3861D-01
    8.0000D+01       4.2573D-01       5.6726D-01       3.5329D-01       9.6437D-02       4.9649D-01       1.4253D-01
    8.1000D+01       4.1079D-01       5.5164D-01       3.3752D-01       9.1794D-02       4.8122D-01       1.4635D-01
    8.2000D+01       3.9663D-01       5.3664D-01       3.2241D-01       8.7367D-02       4.6663D-01       1.5003D-01
    8.3000D+01       3.8319D-01       5.2223D-01       3.0794D-01       8.3144D-02       4.5271D-01       1.5356D-01
    8.4000D+01       3.7047D-01       5.0838D-01       2.9407D-01       7.9110D-02       4.3942D-01       1.5692D-01
    8.5000D+01       3.5843D-01       4.9505D-01       2.8077D-01       7.5253D-02       4.2674D-01       1.6007D-01
    8.6000D+01       3.4704D-01       4.8222D-01       2.6800D-01       7.1558D-02       4.1463D-01       1.6301D-01
    8.7000D+01       3.3629D-01       4.6986D-01       2.5575D-01       6.8015D-02       4.0307D-01       1.6570D-01
    8.8000D+01       3.2614D-01       4.5796D-01       2.4399D-01       6.4610D-02       3.9205D-01       1.6811D-01
    8.9000D+01       3.1659D-01       4.4650D-01       2.3270D-01       6.1333D-02       3.8154D-01       1.7024D-01
    9.0000D+01       3.0760D-01       4.3545D-01       2.2186D-01       5.8173D-02       3.7153D-01       1.7206D-01
    9.1000D+01       2.9916D-01       4.2480D-01       2.1144D-01       5.5120D-02       3.6198D-01       1.7354D-01
    9.2000D+01       2.9125D-01       4.1454D-01       2.0144D-01       5.2166D-02       3.5290D-01       1.7468D-01
    9.3000D+01       2.8386D-01       4.0465D-01       1.9184D-01       4.9301D-02       3.4425D-01       1.7544D-01
    9.4000D+01       2.7695D-01       3.9511D-01       1.8261D-01       4.6519D-02       3.3603D-01       1.7582D-01
    9.5000D+01       2.7052D-01       3.8592D-01       1.7376D-01       4.3813D-02       3.2822D-01       1.7580D-01
    9.6000D+01       2.6455D-01       3.7707D-01       1.6525D-01       4.1177D-02       3.2081D-01       1.7538D-01
    9.7000D+01       2.5901D-01       3.6854D-01       1.5709D-01       3.8608D-02       3.1377D-01       1.7453D-01
    9.8000D+01       2.5390D-01       3.6031D-01       1.4925D-01       3.6101D-02       3.0711D-01       1.7325D-01
    9.9000D+01       2.4919D-01       3.5239D-01       1.4173D-01       3.3654D-02       3.0079D-01       1.7154D-01
    1.0000D+02       2.4487D-01       3.4476D-01       1.3451D-01       3.1263D-02       2.9482D-01       1.6940D-01
    1.0100D+02       2.4093D-01       3.3740D-01       1.2758D-01       2.8930D-02       2.8916D-01       1.6682D-01
    1.0200D+02       2.3733D-01       3.3031D-01       1.2092D-01       2.6652D-02       2.8382D-01       1.6380D-01
    1.0300D+02       2.3407D-01       3.2348D-01       1.1453D-01       2.4430D-02       2.7877D-01       1.6036D-01
    1.0400D+02       2.3113D-01       3.1688D-01       1.0838D-01       2.2265D-02       2.7401D-01       1.5649D-01
    1.0500D+02       2.2848D-01       3.1052D-01       1.0248D-01       2.0159D-02       2.6950D-01       1.5221D-01
    1.0600D+02       2.2612D-01       3.0439D-01       9.6793D-02       1.8115D-02       2.6525D-01       1.4753D-01
    1.0700D+02       2.2402D-01       2.9845D-01       9.1320D-02       1.6134D-02       2.6123D-01       1.4247D-01
    1.0800D+02       2.2216D-01       2.9272D-01       8.6043D-02       1.4221D-02       2.5744D-01       1.3703D-01
    1.0900D+02       2.2053D-01       2.8716D-01       8.0947D-02       1.2380D-02       2.5385D-01       1.3125D-01
    1.1000D+02       2.1911D-01       2.8178D-01       7.6019D-02       1.0613D-02       2.5044D-01       1.2512D-01
    1.1100D+02       2.1787D-01       2.7655D-01       7.1242D-02       8.9256D-03       2.4721D-01       1.1868D-01
    1.1200D+02       2.1681D-01       2.7147D-01       6.6604D-02       7.3224D-03       2.4414D-01       1.1195D-01
    1.1300D+02       2.1589D-01       2.6652D-01       6.2088D-02       5.8078D-03       2.4120D-01       1.0494D-01
    1.1400D+02       2.1511D-01       2.6168D-01       5.7680D-02       4.3864D-03       2.3840D-01       9.7672D-02
    1.1500D+02       2.1445D-01       2.5696D-01       5.3364D-02       3.0627D-03       2.3570D-01       9.0175D-02
    1.1600D+02       2.1388D-01       2.5233D-01       4.9126D-02       1.8412D-03       2.3311D-01       8.2465D-02
    1.1700D+02       2.1340D-01       2.4778D-01       4.4951D-02       7.2591D-04       2.3059D-01       7.4563D-02
    1.1800D+02       2.1297D-01       2.4331D-01       4.0825D-02      -2.7940D-04       2.2814D-01       6.6489D-02
    1.1900D+02       2.1260D-01       2.3890D-01       3.6734D-02      -1.1714D-03       2.2575D-01       5.8262D-02
    1.2000D+02       2.1225D-01       2.3455D-01       3.2663D-02      -1.9472D-03       2.2340D-01       4.9901D-02
    1.2100D+02       2.1193D-01       2.3024D-01       2.8601D-02      -2.6045D-03       2.2109D-01       4.1424D-02
    1.2200D+02       2.1161D-01       2.2598D-01       2.4536D-02      -3.1417D-03       2.1879D-01       3.2850D-02
    1.2300D+02       2.1127D-01       2.2175D-01       2.0454D-02      -3.5580D-03       2.1651D-01       2.4195D-02
    1.2400D+02       2.1092D-01       2.1755D-01       1.6346D-02      -3.8531D-03       2.1424D-01       1.5478D-02
    1.2500D+02       2.1053D-01       2.1338D-01       1.2203D-02      -4.0279D-03       2.1196D-01       6.7171D-03
    1.2600D+02       2.1011D-01       2.0924D-01       8.0153D-03      -4.0838D-03       2.0967D-01      -2.0707D-03
    1.2700D+02       2.0963D-01       2.0512D-01       3.7756D-03      -4.0234D-03       2.0738D-01      -1.0866D-02
    1.2800D+02       2.0910D-01       2.0104D-01      -5.2224D-04      -3.8501D-03       2.0507D-01      -1.9650D-02
    1.2900D+02       2.0850D-01       1.9699D-01      -4.8833D-03      -3.5681D-03       2.0275D-01      -2.8400D-02
    1.3000D+02       2.0784D-01       1.9298D-01      -9.3114D-03      -3.1828D-03       2.0041D-01      -3.7095D-02
    1.3100D+02       2.0711D-01       1.8901D-01      -1.3809D-02      -2.7002D-03       1.9806D-01      -4.5709D-02
    1.3200D+02       2.0631D-01       1.8509D-01      -1.8377D-02      -2.1274D-03       1.9570D-01      -5.4216D-02
    1.3300D+02       2.0544D-01       1.8124D-01      -2.3015D-02      -1.4723D-03       1.9334D-01      -6.2587D-02
    1.3400D+02       2.0450D-01       1.7746D-01      -2.7722D-02      -7.4355D-04       1.9098D-01      -7.0789D-02
    1.3500D+02       2.0350D-01       1.7377D-01      -3.2494D-02       4.9555D-05       1.8863D-01      -7.8787D-02
    1.3600D+02       2.0242D-01       1.7018D-01      -3.7328D-02       8.9698D-04       1.8630D-01      -8.6543D-02
    1.3700D+02       2.0130D-01       1.6670D-01      -4.2217D-02       1.7882D-03       1.8400D-01      -9.4016D-02
    1.3800D+02       2.0011D-01       1.6335D-01      -4.7156D-02       2.7123D-03       1.8173D-01      -1.0116D-01
    1.3900D+02       1.9889D-01       1.6014D-01      -5.2136D-02       3.6578D-03       1.7951D-01      -1.0793D-01
    1.4000D+02       1.9762D-01       1.5708D-01      -5.7149D-02       4.6134D-03       1.7735D-01      -1.1428D-01
    1.4100D+02       1.9632D-01       1.5420D-01      -6.2186D-02       5.5674D-03       1.7526D-01      -1.2016D-01
    1.4200D+02       1.9501D-01       1.5151D-01      -6.7234D-02       6.5083D-03       1.7326D-01      -1.2551D-01
    1.4300D+02       1.9368D-01       1.4903D-01      -7.2284D-02       7.4248D-03       1.7135D-01      -1.3029D-01
    1.4400D+02       1.9235D-01       1.4676D-01      -7.7324D-02       8.3057D-03       1.6955D-01      -1.3444D-01
    1.4500D+02       1.9102D-01       1.4472D-01      -8.2342D-02       9.1405D-03       1.6787D-01      -1.3791D-01
    1.4600D+02       1.8972D-01       1.4292D-01      -8.7325D-02       9.9193D-03       1.6632D-01      -1.4067D-01
    1.4700D+02       1.8843D-01       1.4138D-01      -9.2262D-02       1.0633D-02       1.6491D-01      -1.4268D-01
    1.4800D+02       1.8719D-01       1.4009D-01      -9.7138D-02       1.1272D-02       1.6364D-01      -1.4390D-01
    1.4900D+02       1.8599D-01       1.3908D-01      -1.0194D-01       1.1830D-02       1.6253D-01      -1.4431D-01
    1.5000D+02       1.8484D-01       1.3833D-01      -1.0666D-01       1.2301D-02       1.6159D-01      -1.4390D-01
    1.5100D+02       1.8375D-01       1.3787D-01      -1.1129D-01       1.2678D-02       1.6081D-01      -1.4267D-01
    1.5200D+02       1.8273D-01       1.3767D-01      -1.1581D-01       1.2958D-02       1.6020D-01      -1.4063D-01
    1.5300D+02       1.8178D-01       1.3775D-01      -1.2021D-01       1.3139D-02       1.5977D-01      -1.3780D-01
    1.5400D+02       1.8091D-01       1.3810D-01      -1.2448D-01       1.3217D-02       1.5950D-01      -1.3421D-01
    1.5500D+02       1.8012D-01       1.3870D-01      -1.2862D-01       1.3194D-02       1.5941D-01      -1.2990D-01
    1.5600D+02       1.7941D-01       1.3956D-01      -1.3261D-01       1.3071D-02       1.5948D-01      -1.2494D-01
    1.5700D+02       1.7878D-01       1.4065D-01      -1.3645D-01       1.2850D-02       1.5971D-01      -1.1938D-01
    1.5800D+02       1.7824D-01       1.4196D-01      -1.4013D-01       1.2535D-02       1.6010D-01      -1.1331D-01
    1.5900D+02       1.7779D-01       1.4348D-01      -1.4365D-01       1.2131D-02       1.6063D-01      -1.0680D-01
    1.6000D+02       1.7742D-01       1.4518D-01      -1.4700D-01       1.1645D-02       1.6130D-01      -9.9932D-02
    1.6100D+02       1.7712D-01       1.4704D-01      -1.5018D-01       1.1085D-02       1.6208D-01      -9.2797D-02
    1.6200D+02       1.7690D-01       1.4904D-01      -1.5318D-01       1.0458D-02       1.6297D-01      -8.5483D-02
    1.6300D+02       1.7676D-01       1.5115D-01      -1.5601D-01       9.7737D-03       1.6396D-01      -7.8076D-02
    1.6400D+02       1.7667D-01       1.5335D-01      -1.5867D-01       9.0433D-03       1.6501D-01      -7.0661D-02
    1.6500D+02       1.7665D-01       1.5561D-01      -1.6114D-01       8.2771D-03       1.6613D-01      -6.3319D-02
    1.6600D+02       1.7668D-01       1.5790D-01      -1.6344D-01       7.4867D-03       1.6729D-01      -5.6127D-02
    1.6700D+02       1.7675D-01       1.6019D-01      -1.6556D-01       6.6836D-03       1.6847D-01      -4.9155D-02
    1.6800D+02       1.7686D-01       1.6245D-01      -1.6751D-01       5.8797D-03       1.6966D-01      -4.2469D-02
    1.6900D+02       1.7700D-01       1.6466D-01      -1.6930D-01       5.0870D-03       1.7083D-01      -3.6127D-02
    1.7000D+02       1.7716D-01       1.6678D-01      -1.7091D-01       4.3171D-03       1.7197D-01      -3.0182D-02
    1.7100D+02       1.7733D-01       1.6879D-01      -1.7236D-01       3.5813D-03       1.7306D-01      -2.4680D-02
    1.7200D+02       1.7751D-01       1.7066D-01      -1.7364D-01       2.8904D-03       1.7408D-01      -1.9661D-02
    1.7300D+02       1.7768D-01       1.7237D-01      -1.7477D-01       2.2547D-03       1.7503D-01      -1.5159D-02
    1.7400D+02       1.7785D-01       1.7391D-01      -1.7573D-01       1.6834D-03       1.7588D-01      -1.1203D-02
    1.7500D+02       1.7800D-01       1.7524D-01      -1.7655D-01       1.1851D-03       1.7662D-01      -7.8180D-03
    1.7600D+02       1.7813D-01       1.7635D-01      -1.7721D-01       7.6691D-04       1.7724D-01      -5.0231D-03
    1.7700D+02       1.7824D-01       1.7723D-01      -1.7773D-01       4.3512D-04       1.7773D-01      -2.8340D-03
    1.7800D+02       1.7832D-01       1.7787D-01      -1.7809D-01       1.9458D-04       1.7809D-01      -1.2622D-03
    1.7900D+02       1.7837D-01       1.7825D-01      -1.7831D-01       4.8824D-05       1.7831D-01      -3.1595D-04
    1.8000D+02       1.7838D-01       1.7838D-01      -1.7838D-01       2.9308D-18       1.7838D-01       0.0000D+00
