 numangles= 181
  g= 5.55944D-01
   scat. angle           m2               m1              s21              d21           phase func.      polarization  
    0.0000D+00       5.3564D+00       5.3564D+00       5.3564D+00       0.0000D+00       5.3564D+00       0.0000D+00
    1.0000D+00       5.3535D+00       5.3541D+00       5.3538D+00       3.6212D-04       5.3538D+00       5.1482D-05
    2.0000D+00       5.3451D+00       5.3473D+00       5.3462D+00       1.4466D-03       5.3462D+00       2.0590D-04
    3.0000D+00       5.3311D+00       5.3361D+00       5.3336D+00       3.2477D-03       5.3336D+00       4.6320D-04
    4.0000D+00       5.3116D+00       5.3204D+00       5.3160D+00       5.7561D-03       5.3160D+00       8.2325D-04
    5.0000D+00       5.2866D+00       5.3003D+00       5.2934D+00       8.9586D-03       5.2935D+00       1.2859D-03
    6.0000D+00       5.2563D+00       5.2758D+00       5.2660D+00       1.2839D-02       5.2660D+00       1.8509D-03
    7.0000D+00       5.2207D+00       5.2470D+00       5.2338D+00       1.7376D-02       5.2339D+00       2.5181D-03
    8.0000D+00       5.1799D+00       5.2141D+00       5.1969D+00       2.2547D-02       5.1970D+00       3.2871D-03
    9.0000D+00       5.1341D+00       5.1770D+00       5.1554D+00       2.8324D-02       5.1556D+00       4.1576D-03
    1.0000D+01       5.0835D+00       5.1359D+00       5.1094D+00       3.4679D-02       5.1097D+00       5.1291D-03
    1.1000D+01       5.0282D+00       5.0909D+00       5.0592D+00       4.1579D-02       5.0595D+00       6.2013D-03
    1.2000D+01       4.9683D+00       5.0421D+00       5.0047D+00       4.8987D-02       5.0052D+00       7.3735D-03
    1.3000D+01       4.9042D+00       4.9897D+00       4.9463D+00       5.6868D-02       4.9470D+00       8.6452D-03
    1.4000D+01       4.8360D+00       4.9338D+00       4.8840D+00       6.5180D-02       4.8849D+00       1.0016D-02
    1.5000D+01       4.7639D+00       4.8746D+00       4.8180D+00       7.3882D-02       4.8192D+00       1.1485D-02
    1.6000D+01       4.6881D+00       4.8121D+00       4.7486D+00       8.2931D-02       4.7501D+00       1.3051D-02
    1.7000D+01       4.6089D+00       4.7466D+00       4.6758D+00       9.2282D-02       4.6778D+00       1.4714D-02
    1.8000D+01       4.5266D+00       4.6782D+00       4.6000D+00       1.0189D-01       4.6024D+00       1.6472D-02
    1.9000D+01       4.4414D+00       4.6072D+00       4.5213D+00       1.1170D-01       4.5243D+00       1.8325D-02
    2.0000D+01       4.3534D+00       4.5336D+00       4.4399D+00       1.2168D-01       4.4435D+00       2.0272D-02
    2.1000D+01       4.2631D+00       4.4577D+00       4.3561D+00       1.3178D-01       4.3604D+00       2.2311D-02
    2.2000D+01       4.1706D+00       4.3796D+00       4.2700D+00       1.4194D-01       4.2751D+00       2.4442D-02
    2.3000D+01       4.0763D+00       4.2996D+00       4.1820D+00       1.5212D-01       4.1879D+00       2.6662D-02
    2.4000D+01       3.9803D+00       4.2178D+00       4.0921D+00       1.6227D-01       4.0991D+00       2.8971D-02
    2.5000D+01       3.8829D+00       4.1344D+00       4.0006D+00       1.7235D-01       4.0087D+00       3.1367D-02
    2.6000D+01       3.7845D+00       4.0497D+00       3.9078D+00       1.8231D-01       3.9171D+00       3.3849D-02
    2.7000D+01       3.6851D+00       3.9637D+00       3.8138D+00       1.9211D-01       3.8244D+00       3.6414D-02
    2.8000D+01       3.5852D+00       3.8767D+00       3.7189D+00       2.0171D-01       3.7309D+00       3.9061D-02
    2.9000D+01       3.4849D+00       3.7888D+00       3.6233D+00       2.1106D-01       3.6369D+00       4.1788D-02
    3.0000D+01       3.3844D+00       3.7003D+00       3.5272D+00       2.2013D-01       3.5424D+00       4.4593D-02
    3.1000D+01       3.2840D+00       3.6114D+00       3.4308D+00       2.2888D-01       3.4477D+00       4.7474D-02
    3.2000D+01       3.1839D+00       3.5221D+00       3.3342D+00       2.3728D-01       3.3530D+00       5.0428D-02
    3.3000D+01       3.0843D+00       3.4327D+00       3.2377D+00       2.4529D-01       3.2585D+00       5.3454D-02
    3.4000D+01       2.9854D+00       3.3433D+00       3.1415D+00       2.5289D-01       3.1644D+00       5.6547D-02
    3.5000D+01       2.8874D+00       3.2541D+00       3.0457D+00       2.6005D-01       3.0708D+00       5.9707D-02
    3.6000D+01       2.7905D+00       3.1653D+00       2.9505D+00       2.6674D-01       2.9779D+00       6.2930D-02
    3.7000D+01       2.6948D+00       3.0769D+00       2.8561D+00       2.7294D-01       2.8858D+00       6.6213D-02
    3.8000D+01       2.6004D+00       2.9892D+00       2.7626D+00       2.7864D-01       2.7948D+00       6.9553D-02
    3.9000D+01       2.5076D+00       2.9023D+00       2.6701D+00       2.8381D-01       2.7049D+00       7.2946D-02
    4.0000D+01       2.4165D+00       2.8162D+00       2.5788D+00       2.8846D-01       2.6163D+00       7.6390D-02
    4.1000D+01       2.3271D+00       2.7312D+00       2.4888D+00       2.9255D-01       2.5291D+00       7.9881D-02
    4.2000D+01       2.2396D+00       2.6472D+00       2.4003D+00       2.9610D-01       2.4434D+00       8.3415D-02
    4.3000D+01       2.1541D+00       2.5646D+00       2.3133D+00       2.9908D-01       2.3593D+00       8.6989D-02
    4.4000D+01       2.0706D+00       2.4832D+00       2.2279D+00       3.0151D-01       2.2769D+00       9.0598D-02
    4.5000D+01       1.9893D+00       2.4032D+00       2.1442D+00       3.0338D-01       2.1963D+00       9.4239D-02
    4.6000D+01       1.9101D+00       2.3248D+00       2.0623D+00       3.0470D-01       2.1175D+00       9.7907D-02
    4.7000D+01       1.8332D+00       2.2479D+00       1.9823D+00       3.0546D-01       2.0406D+00       1.0160D-01
    4.8000D+01       1.7586D+00       2.1726D+00       1.9041D+00       3.0568D-01       1.9656D+00       1.0531D-01
    4.9000D+01       1.6863D+00       2.0991D+00       1.8280D+00       3.0537D-01       1.8927D+00       1.0903D-01
    5.0000D+01       1.6164D+00       2.0272D+00       1.7539D+00       3.0453D-01       1.8218D+00       1.1277D-01
    5.1000D+01       1.5487D+00       1.9572D+00       1.6818D+00       3.0319D-01       1.7530D+00       1.1651D-01
    5.2000D+01       1.4835D+00       1.8890D+00       1.6118D+00       3.0136D-01       1.6862D+00       1.2024D-01
    5.3000D+01       1.4205D+00       1.8226D+00       1.5439D+00       2.9906D-01       1.6216D+00       1.2398D-01
    5.4000D+01       1.3600D+00       1.7581D+00       1.4781D+00       2.9629D-01       1.5590D+00       1.2770D-01
    5.5000D+01       1.3017D+00       1.6956D+00       1.4144D+00       2.9310D-01       1.4986D+00       1.3141D-01
    5.6000D+01       1.2457D+00       1.6349D+00       1.3529D+00       2.8948D-01       1.4403D+00       1.3510D-01
    5.7000D+01       1.1920D+00       1.5761D+00       1.2934D+00       2.8547D-01       1.3840D+00       1.3877D-01
    5.8000D+01       1.1405D+00       1.5192D+00       1.2361D+00       2.8110D-01       1.3298D+00       1.4240D-01
    5.9000D+01       1.0911D+00       1.4642D+00       1.1808D+00       2.7637D-01       1.2777D+00       1.4601D-01
    6.0000D+01       1.0440D+00       1.4112D+00       1.1275D+00       2.7133D-01       1.2276D+00       1.4957D-01
    6.1000D+01       9.9887D-01       1.3600D+00       1.0763D+00       2.6598D-01       1.1794D+00       1.5308D-01
    6.2000D+01       9.5581D-01       1.3106D+00       1.0271D+00       2.6036D-01       1.1332D+00       1.5655D-01
    6.3000D+01       9.1473D-01       1.2631D+00       9.7983D-01       2.5449D-01       1.0889D+00       1.5996D-01
    6.4000D+01       8.7558D-01       1.2174D+00       9.3448D-01       2.4840D-01       1.0465D+00       1.6331D-01
    6.5000D+01       8.3829D-01       1.1734D+00       8.9101D-01       2.4210D-01       1.0059D+00       1.6659D-01
    6.6000D+01       8.0281D-01       1.1312D+00       8.4936D-01       2.3563D-01       9.6702D-01       1.6981D-01
    6.7000D+01       7.6908D-01       1.0907D+00       8.0950D-01       2.2901D-01       9.2990D-01       1.7294D-01
    6.8000D+01       7.3703D-01       1.0519D+00       7.7138D-01       2.2226D-01       8.9445D-01       1.7600D-01
    6.9000D+01       7.0660D-01       1.0147D+00       7.3493D-01       2.1540D-01       8.6062D-01       1.7897D-01
    7.0000D+01       6.7772D-01       9.7900D-01       7.0012D-01       2.0845D-01       8.2836D-01       1.8185D-01
    7.1000D+01       6.5035D-01       9.4489D-01       6.6689D-01       2.0145D-01       7.9762D-01       1.8464D-01
    7.2000D+01       6.2441D-01       9.1226D-01       6.3518D-01       1.9440D-01       7.6833D-01       1.8732D-01
    7.3000D+01       5.9984D-01       8.8106D-01       6.0493D-01       1.8733D-01       7.4045D-01       1.8990D-01
    7.4000D+01       5.7659D-01       8.5126D-01       5.7610D-01       1.8025D-01       7.1392D-01       1.9236D-01
    7.5000D+01       5.5460D-01       8.2279D-01       5.4863D-01       1.7319D-01       6.8869D-01       1.9471D-01
    7.6000D+01       5.3380D-01       7.9561D-01       5.2247D-01       1.6616D-01       6.6471D-01       1.9694D-01
    7.7000D+01       5.1415D-01       7.6967D-01       4.9755D-01       1.5918D-01       6.4191D-01       1.9903D-01
    7.8000D+01       4.9558D-01       7.4492D-01       4.7382D-01       1.5226D-01       6.2025D-01       2.0100D-01
    7.9000D+01       4.7805D-01       7.2130D-01       4.5123D-01       1.4541D-01       5.9968D-01       2.0282D-01
    8.0000D+01       4.6151D-01       6.9877D-01       4.2973D-01       1.3865D-01       5.8014D-01       2.0449D-01
    8.1000D+01       4.4590D-01       6.7729D-01       4.0926D-01       1.3199D-01       5.6159D-01       2.0601D-01
    8.2000D+01       4.3117D-01       6.5679D-01       3.8978D-01       1.2544D-01       5.4398D-01       2.0738D-01
    8.3000D+01       4.1729D-01       6.3723D-01       3.7123D-01       1.1901D-01       5.2726D-01       2.0857D-01
    8.4000D+01       4.0420D-01       6.1857D-01       3.5356D-01       1.1271D-01       5.1139D-01       2.0960D-01
    8.5000D+01       3.9187D-01       6.0076D-01       3.3672D-01       1.0654D-01       4.9631D-01       2.1044D-01
    8.6000D+01       3.8025D-01       5.8375D-01       3.2068D-01       1.0052D-01       4.8200D-01       2.1109D-01
    8.7000D+01       3.6931D-01       5.6749D-01       3.0538D-01       9.4648D-02       4.6840D-01       2.1155D-01
    8.8000D+01       3.5900D-01       5.5196D-01       2.9077D-01       8.8929D-02       4.5548D-01       2.1181D-01
    8.9000D+01       3.4930D-01       5.3710D-01       2.7683D-01       8.3367D-02       4.4320D-01       2.1186D-01
    9.0000D+01       3.4017D-01       5.2287D-01       2.6349D-01       7.7967D-02       4.3152D-01       2.1169D-01
    9.1000D+01       3.3157D-01       5.0923D-01       2.5074D-01       7.2731D-02       4.2040D-01       2.1130D-01
    9.2000D+01       3.2348D-01       4.9616D-01       2.3852D-01       6.7660D-02       4.0982D-01       2.1067D-01
    9.3000D+01       3.1587D-01       4.8360D-01       2.2681D-01       6.2757D-02       3.9974D-01       2.0981D-01
    9.4000D+01       3.0871D-01       4.7154D-01       2.1556D-01       5.8022D-02       3.9012D-01       2.0869D-01
    9.5000D+01       3.0197D-01       4.5993D-01       2.0474D-01       5.3454D-02       3.8095D-01       2.0733D-01
    9.6000D+01       2.9562D-01       4.4874D-01       1.9433D-01       4.9053D-02       3.7218D-01       2.0570D-01
    9.7000D+01       2.8966D-01       4.3795D-01       1.8429D-01       4.4819D-02       3.6380D-01       2.0381D-01
    9.8000D+01       2.8404D-01       4.2753D-01       1.7459D-01       4.0750D-02       3.5578D-01       2.0164D-01
    9.9000D+01       2.7876D-01       4.1744D-01       1.6520D-01       3.6845D-02       3.4810D-01       1.9920D-01
    1.0000D+02       2.7379D-01       4.0768D-01       1.5611D-01       3.3100D-02       3.4074D-01       1.9647D-01
    1.0100D+02       2.6911D-01       3.9821D-01       1.4728D-01       2.9514D-02       3.3366D-01       1.9346D-01
    1.0200D+02       2.6471D-01       3.8902D-01       1.3869D-01       2.6085D-02       3.2686D-01       1.9016D-01
    1.0300D+02       2.6056D-01       3.8008D-01       1.3032D-01       2.2808D-02       3.2032D-01       1.8656D-01
    1.0400D+02       2.5666D-01       3.7138D-01       1.2215D-01       1.9682D-02       3.1402D-01       1.8266D-01
    1.0500D+02       2.5299D-01       3.6290D-01       1.1417D-01       1.6702D-02       3.0795D-01       1.7847D-01
    1.0600D+02       2.4952D-01       3.5464D-01       1.0635D-01       1.3867D-02       3.0208D-01       1.7398D-01
    1.0700D+02       2.4626D-01       3.4656D-01       9.8677D-02       1.1171D-02       2.9641D-01       1.6919D-01
    1.0800D+02       2.4319D-01       3.3867D-01       9.1139D-02       8.6121D-03       2.9093D-01       1.6411D-01
    1.0900D+02       2.4029D-01       3.3096D-01       8.3723D-02       6.1863D-03       2.8562D-01       1.5873D-01
    1.1000D+02       2.3755D-01       3.2342D-01       7.6415D-02       3.8900D-03       2.8049D-01       1.5306D-01
    1.1100D+02       2.3498D-01       3.1603D-01       6.9205D-02       1.7198D-03       2.7550D-01       1.4710D-01
    1.1200D+02       2.3254D-01       3.0880D-01       6.2084D-02      -3.2783D-04       2.7067D-01       1.4087D-01
    1.1300D+02       2.3024D-01       3.0172D-01       5.5042D-02      -2.2564D-03       2.6598D-01       1.3436D-01
    1.1400D+02       2.2807D-01       2.9479D-01       4.8072D-02      -4.0693D-03       2.6143D-01       1.2760D-01
    1.1500D+02       2.2603D-01       2.8801D-01       4.1167D-02      -5.7699D-03       2.5702D-01       1.2058D-01
    1.1600D+02       2.2409D-01       2.8137D-01       3.4323D-02      -7.3614D-03       2.5273D-01       1.1333D-01
    1.1700D+02       2.2226D-01       2.7489D-01       2.7535D-02      -8.8470D-03       2.4857D-01       1.0586D-01
    1.1800D+02       2.2053D-01       2.6855D-01       2.0800D-02      -1.0230D-02       2.4454D-01       9.8178D-02
    1.1900D+02       2.1890D-01       2.6236D-01       1.4114D-02      -1.1513D-02       2.4063D-01       9.0311D-02
    1.2000D+02       2.1736D-01       2.5633D-01       7.4769D-03      -1.2699D-02       2.3684D-01       8.2279D-02
    1.2100D+02       2.1590D-01       2.5046D-01       8.8705D-04      -1.3791D-02       2.3318D-01       7.4104D-02
    1.2200D+02       2.1452D-01       2.4475D-01      -5.6556D-03      -1.4792D-02       2.2964D-01       6.5812D-02
    1.2300D+02       2.1322D-01       2.3921D-01      -1.2150D-02      -1.5704D-02       2.2622D-01       5.7429D-02
    1.2400D+02       2.1200D-01       2.3384D-01      -1.8596D-02      -1.6529D-02       2.2292D-01       4.8986D-02
    1.2500D+02       2.1085D-01       2.2866D-01      -2.4991D-02      -1.7271D-02       2.1975D-01       4.0514D-02
    1.2600D+02       2.0977D-01       2.2366D-01      -3.1333D-02      -1.7932D-02       2.1671D-01       3.2047D-02
    1.2700D+02       2.0875D-01       2.1885D-01      -3.7619D-02      -1.8513D-02       2.1380D-01       2.3620D-02
    1.2800D+02       2.0779D-01       2.1424D-01      -4.3845D-02      -1.9018D-02       2.1102D-01       1.5271D-02
    1.2900D+02       2.0690D-01       2.0984D-01      -5.0009D-02      -1.9448D-02       2.0837D-01       7.0375D-03
    1.3000D+02       2.0607D-01       2.0565D-01      -5.6105D-02      -1.9806D-02       2.0586D-01      -1.0406D-03
    1.3100D+02       2.0530D-01       2.0167D-01      -6.2130D-02      -2.0093D-02       2.0349D-01      -8.9230D-03
    1.3200D+02       2.0459D-01       1.9792D-01      -6.8079D-02      -2.0312D-02       2.0125D-01      -1.6569D-02
    1.3300D+02       2.0393D-01       1.9440D-01      -7.3948D-02      -2.0465D-02       1.9917D-01      -2.3938D-02
    1.3400D+02       2.0333D-01       1.9111D-01      -7.9731D-02      -2.0554D-02       1.9722D-01      -3.0991D-02
    1.3500D+02       2.0279D-01       1.8806D-01      -8.5424D-02      -2.0581D-02       1.9542D-01      -3.7688D-02
    1.3600D+02       2.0229D-01       1.8524D-01      -9.1021D-02      -2.0548D-02       1.9377D-01      -4.3994D-02
    1.3700D+02       2.0185D-01       1.8268D-01      -9.6519D-02      -2.0458D-02       1.9227D-01      -4.9873D-02
    1.3800D+02       2.0147D-01       1.8036D-01      -1.0191D-01      -2.0312D-02       1.9091D-01      -5.5293D-02
    1.3900D+02       2.0113D-01       1.7828D-01      -1.0719D-01      -2.0113D-02       1.8971D-01      -6.0227D-02
    1.4000D+02       2.0085D-01       1.7645D-01      -1.1236D-01      -1.9863D-02       1.8865D-01      -6.4650D-02
    1.4100D+02       2.0061D-01       1.7487D-01      -1.1741D-01      -1.9565D-02       1.8774D-01      -6.8543D-02
    1.4200D+02       2.0042D-01       1.7354D-01      -1.2234D-01      -1.9220D-02       1.8698D-01      -7.1890D-02
    1.4300D+02       2.0028D-01       1.7245D-01      -1.2714D-01      -1.8831D-02       1.8637D-01      -7.4680D-02
    1.4400D+02       2.0019D-01       1.7160D-01      -1.3181D-01      -1.8401D-02       1.8589D-01      -7.6910D-02
    1.4500D+02       2.0014D-01       1.7098D-01      -1.3635D-01      -1.7932D-02       1.8556D-01      -7.8579D-02
    1.4600D+02       2.0014D-01       1.7059D-01      -1.4075D-01      -1.7428D-02       1.8537D-01      -7.9693D-02
    1.4700D+02       2.0018D-01       1.7043D-01      -1.4501D-01      -1.6890D-02       1.8530D-01      -8.0263D-02
    1.4800D+02       2.0025D-01       1.7048D-01      -1.4913D-01      -1.6321D-02       1.8537D-01      -8.0306D-02
    1.4900D+02       2.0037D-01       1.7074D-01      -1.5311D-01      -1.5725D-02       1.8555D-01      -7.9842D-02
    1.5000D+02       2.0052D-01       1.7120D-01      -1.5694D-01      -1.5104D-02       1.8586D-01      -7.8897D-02
    1.5100D+02       2.0071D-01       1.7184D-01      -1.6062D-01      -1.4462D-02       1.8628D-01      -7.7499D-02
    1.5200D+02       2.0093D-01       1.7266D-01      -1.6416D-01      -1.3801D-02       1.8679D-01      -7.5680D-02
    1.5300D+02       2.0118D-01       1.7364D-01      -1.6755D-01      -1.3124D-02       1.8741D-01      -7.3478D-02
    1.5400D+02       2.0146D-01       1.7477D-01      -1.7080D-01      -1.2435D-02       1.8812D-01      -7.0928D-02
    1.5500D+02       2.0176D-01       1.7605D-01      -1.7390D-01      -1.1737D-02       1.8890D-01      -6.8071D-02
    1.5600D+02       2.0209D-01       1.7744D-01      -1.7685D-01      -1.1033D-02       1.8976D-01      -6.4947D-02
    1.5700D+02       2.0243D-01       1.7894D-01      -1.7965D-01      -1.0326D-02       1.9069D-01      -6.1597D-02
    1.5800D+02       2.0279D-01       1.8054D-01      -1.8231D-01      -9.6202D-03       1.9166D-01      -5.8062D-02
    1.5900D+02       2.0317D-01       1.8221D-01      -1.8483D-01      -8.9176D-03       1.9269D-01      -5.4384D-02
    1.6000D+02       2.0355D-01       1.8394D-01      -1.8721D-01      -8.2221D-03       1.9375D-01      -5.0604D-02
    1.6100D+02       2.0394D-01       1.8572D-01      -1.8945D-01      -7.5366D-03       1.9483D-01      -4.6759D-02
    1.6200D+02       2.0434D-01       1.8753D-01      -1.9156D-01      -6.8644D-03       1.9593D-01      -4.2888D-02
    1.6300D+02       2.0473D-01       1.8935D-01      -1.9353D-01      -6.2085D-03       1.9704D-01      -3.9027D-02
    1.6400D+02       2.0513D-01       1.9117D-01      -1.9537D-01      -5.5719D-03       1.9815D-01      -3.5211D-02
    1.6500D+02       2.0552D-01       1.9297D-01      -1.9708D-01      -4.9576D-03       1.9924D-01      -3.1471D-02
    1.6600D+02       2.0589D-01       1.9474D-01      -1.9866D-01      -4.3684D-03       2.0032D-01      -2.7839D-02
    1.6700D+02       2.0626D-01       1.9646D-01      -2.0012D-01      -3.8070D-03       2.0136D-01      -2.4341D-02
    1.6800D+02       2.0662D-01       1.9812D-01      -2.0146D-01      -3.2759D-03       2.0237D-01      -2.1004D-02
    1.6900D+02       2.0695D-01       1.9969D-01      -2.0268D-01      -2.7777D-03       2.0332D-01      -1.7851D-02
    1.7000D+02       2.0727D-01       2.0118D-01      -2.0378D-01      -2.3147D-03       2.0423D-01      -1.4904D-02
    1.7100D+02       2.0756D-01       2.0257D-01      -2.0477D-01      -1.8889D-03       2.0507D-01      -1.2182D-02
    1.7200D+02       2.0783D-01       2.0384D-01      -2.0565D-01      -1.5025D-03       2.0584D-01      -9.7026D-03
    1.7300D+02       2.0808D-01       2.0499D-01      -2.0643D-01      -1.1571D-03       2.0653D-01      -7.4803D-03
    1.7400D+02       2.0829D-01       2.0600D-01      -2.0709D-01      -8.5449D-04       2.0715D-01      -5.5285D-03
    1.7500D+02       2.0848D-01       2.0688D-01      -2.0765D-01      -5.9596D-04       2.0768D-01      -3.8584D-03
    1.7600D+02       2.0863D-01       2.0760D-01      -2.0810D-01      -3.8276D-04       2.0812D-01      -2.4793D-03
    1.7700D+02       2.0875D-01       2.0817D-01      -2.0846D-01      -2.1590D-04       2.0846D-01      -1.3990D-03
    1.7800D+02       2.0884D-01       2.0858D-01      -2.0871D-01      -9.6142D-05       2.0871D-01      -6.2314D-04
    1.7900D+02       2.0889D-01       2.0883D-01      -2.0886D-01      -2.4064D-05       2.0886D-01      -1.5599D-04
    1.8000D+02       2.0891D-01       2.0891D-01      -2.0891D-01      -1.9377D-19       2.0891D-01       0.0000D+00
