 numangles= 181
  g= 5.92218D-01
   scat. angle           m2               m1              s21              d21           phase func.      polarization  
    0.0000D+00       7.0941D+00       7.0941D+00       7.0941D+00       0.0000D+00       7.0941D+00       0.0000D+00
    1.0000D+00       7.0888D+00       7.0891D+00       7.0890D+00       7.4956D-04       7.0890D+00       2.2935D-05
    2.0000D+00       7.0730D+00       7.0743D+00       7.0737D+00       2.9917D-03       7.0737D+00       9.1671D-05
    3.0000D+00       7.0468D+00       7.0497D+00       7.0483D+00       6.7069D-03       7.0483D+00       2.0600D-04
    4.0000D+00       7.0103D+00       7.0155D+00       7.0129D+00       1.1863D-02       7.0129D+00       3.6558D-04
    5.0000D+00       6.9638D+00       6.9717D+00       6.9677D+00       1.8415D-02       6.9677D+00       5.6992D-04
    6.0000D+00       6.9073D+00       6.9186D+00       6.9129D+00       2.6307D-02       6.9129D+00       8.1841D-04
    7.0000D+00       6.8412D+00       6.8565D+00       6.8487D+00       3.5470D-02       6.8489D+00       1.1103D-03
    8.0000D+00       6.7660D+00       6.7855D+00       6.7755D+00       4.5827D-02       6.7757D+00       1.4446D-03
    9.0000D+00       6.6818D+00       6.7062D+00       6.6936D+00       5.7288D-02       6.6940D+00       1.8205D-03
    1.0000D+01       6.5892D+00       6.6187D+00       6.6034D+00       6.9757D-02       6.6040D+00       2.2366D-03
    1.1000D+01       6.4886D+00       6.5236D+00       6.5052D+00       8.3130D-02       6.5061D+00       2.6916D-03
    1.2000D+01       6.3804D+00       6.4212D+00       6.3996D+00       9.7294D-02       6.4008D+00       3.1843D-03
    1.3000D+01       6.2653D+00       6.3120D+00       6.2870D+00       1.1213D-01       6.2886D+00       3.7129D-03
    1.4000D+01       6.1437D+00       6.1964D+00       6.1679D+00       1.2753D-01       6.1700D+00       4.2758D-03
    1.5000D+01       6.0161D+00       6.0750D+00       6.0429D+00       1.4335D-01       6.0456D+00       4.8712D-03
    1.6000D+01       5.8833D+00       5.9483D+00       5.9123D+00       1.5947D-01       5.9158D+00       5.4971D-03
    1.7000D+01       5.7456D+00       5.8167D+00       5.7769D+00       1.7578D-01       5.7812D+00       6.1515D-03
    1.8000D+01       5.6038D+00       5.6809D+00       5.6371D+00       1.9213D-01       5.6424D+00       6.8323D-03
    1.9000D+01       5.4584D+00       5.5413D+00       5.4934D+00       2.0841D-01       5.4999D+00       7.5371D-03
    2.0000D+01       5.3100D+00       5.3985D+00       5.3466D+00       2.2450D-01       5.3543D+00       8.2637D-03
    2.1000D+01       5.1593D+00       5.2531D+00       5.1970D+00       2.4027D-01       5.2062D+00       9.0096D-03
    2.2000D+01       5.0066D+00       5.1055D+00       5.0453D+00       2.5562D-01       5.0561D+00       9.7724D-03
    2.3000D+01       4.8528D+00       4.9562D+00       4.8920D+00       2.7044D-01       4.9045D+00       1.0549D-02
    2.4000D+01       4.6981D+00       4.8059D+00       4.7376D+00       2.8463D-01       4.7520D+00       1.1338D-02
    2.5000D+01       4.5433D+00       4.6549D+00       4.5826D+00       2.9811D-01       4.5991D+00       1.2137D-02
    2.6000D+01       4.3887D+00       4.5038D+00       4.4276D+00       3.1078D-01       4.4463D+00       1.2941D-02
    2.7000D+01       4.2350D+00       4.3531D+00       4.2729D+00       3.2257D-01       4.2940D+00       1.3751D-02
    2.8000D+01       4.0824D+00       4.2030D+00       4.1191D+00       3.3342D-01       4.1427D+00       1.4562D-02
    2.9000D+01       3.9314D+00       4.0542D+00       3.9665D+00       3.4327D-01       3.9928D+00       1.5372D-02
    3.0000D+01       3.7825D+00       3.9069D+00       3.8156D+00       3.5207D-01       3.8447D+00       1.6181D-02
    3.1000D+01       3.6359D+00       3.7616D+00       3.6668D+00       3.5980D-01       3.6988D+00       1.6984D-02
    3.2000D+01       3.4921D+00       3.6185D+00       3.5203D+00       3.6642D-01       3.5553D+00       1.7782D-02
    3.3000D+01       3.3512D+00       3.4780D+00       3.3764D+00       3.7191D-01       3.4146D+00       1.8572D-02
    3.4000D+01       3.2135D+00       3.3404D+00       3.2356D+00       3.7628D-01       3.2769D+00       1.9354D-02
    3.5000D+01       3.0793D+00       3.2058D+00       3.0979D+00       3.7951D-01       3.1426D+00       2.0126D-02
    3.6000D+01       2.9488D+00       3.0746D+00       2.9637D+00       3.8163D-01       3.0117D+00       2.0889D-02
    3.7000D+01       2.8221D+00       2.9469D+00       2.8331D+00       3.8264D-01       2.8845D+00       2.1643D-02
    3.8000D+01       2.6993D+00       2.8229D+00       2.7063D+00       3.8259D-01       2.7611D+00       2.2388D-02
    3.9000D+01       2.5805D+00       2.7027D+00       2.5834D+00       3.8149D-01       2.6416D+00       2.3126D-02
    4.0000D+01       2.4659D+00       2.5864D+00       2.4645D+00       3.7940D-01       2.5262D+00       2.3859D-02
    4.1000D+01       2.3554D+00       2.4742D+00       2.3498D+00       3.7635D-01       2.4148D+00       2.4590D-02
    4.2000D+01       2.2492D+00       2.3660D+00       2.2392D+00       3.7239D-01       2.3076D+00       2.5322D-02
    4.3000D+01       2.1471D+00       2.2620D+00       2.1328D+00       3.6759D-01       2.2045D+00       2.6059D-02
    4.4000D+01       2.0491D+00       2.1620D+00       2.0305D+00       3.6200D-01       2.1056D+00       2.6806D-02
    4.5000D+01       1.9553D+00       2.0662D+00       1.9325D+00       3.5569D-01       2.0107D+00       2.7568D-02
    4.6000D+01       1.8656D+00       1.9744D+00       1.8387D+00       3.4871D-01       1.9200D+00       2.8352D-02
    4.7000D+01       1.7798D+00       1.8867D+00       1.7489D+00       3.4113D-01       1.8333D+00       2.9164D-02
    4.8000D+01       1.6979D+00       1.8030D+00       1.6632D+00       3.3302D-01       1.7505D+00       3.0013D-02
    4.9000D+01       1.6199D+00       1.7232D+00       1.5815D+00       3.2444D-01       1.6715D+00       3.0906D-02
    5.0000D+01       1.5455D+00       1.6472D+00       1.5036D+00       3.1546D-01       1.5963D+00       3.1851D-02
    5.1000D+01       1.4747D+00       1.5749D+00       1.4295D+00       3.0615D-01       1.5248D+00       3.2857D-02
    5.2000D+01       1.4074D+00       1.5063D+00       1.3591D+00       2.9656D-01       1.4568D+00       3.3934D-02
    5.3000D+01       1.3434D+00       1.4411D+00       1.2922D+00       2.8676D-01       1.3922D+00       3.5091D-02
    5.4000D+01       1.2826D+00       1.3793D+00       1.2287D+00       2.7681D-01       1.3309D+00       3.6336D-02
    5.5000D+01       1.2248D+00       1.3207D+00       1.1685D+00       2.6677D-01       1.2728D+00       3.7678D-02
    5.6000D+01       1.1700D+00       1.2653D+00       1.1115D+00       2.5667D-01       1.2177D+00       3.9125D-02
    5.7000D+01       1.1180D+00       1.2129D+00       1.0575D+00       2.4658D-01       1.1654D+00       4.0685D-02
    5.8000D+01       1.0687D+00       1.1632D+00       1.0064D+00       2.3654D-01       1.1160D+00       4.2366D-02
    5.9000D+01       1.0219D+00       1.1163D+00       9.5803D-01       2.2659D-01       1.0691D+00       4.4172D-02
    6.0000D+01       9.7748D-01       1.0720D+00       9.1227D-01       2.1678D-01       1.0247D+00       4.6108D-02
    6.1000D+01       9.3537D-01       1.0301D+00       8.6899D-01       2.0712D-01       9.8272D-01       4.8179D-02
    6.2000D+01       8.9543D-01       9.9045D-01       8.2805D-01       1.9766D-01       9.4294D-01       5.0386D-02
    6.3000D+01       8.5753D-01       9.5300D-01       7.8933D-01       1.8842D-01       9.0527D-01       5.2730D-02
    6.4000D+01       8.2158D-01       9.1760D-01       7.5270D-01       1.7942D-01       8.6959D-01       5.5210D-02
    6.5000D+01       7.8747D-01       8.8413D-01       7.1803D-01       1.7069D-01       8.3580D-01       5.7823D-02
    6.6000D+01       7.5509D-01       8.5245D-01       6.8521D-01       1.6223D-01       8.0377D-01       6.0565D-02
    6.7000D+01       7.2435D-01       8.2246D-01       6.5414D-01       1.5406D-01       7.7341D-01       6.3430D-02
    6.8000D+01       6.9516D-01       7.9406D-01       6.2469D-01       1.4619D-01       7.4461D-01       6.6410D-02
    6.9000D+01       6.6744D-01       7.6714D-01       5.9678D-01       1.3862D-01       7.1729D-01       6.9495D-02
    7.0000D+01       6.4111D-01       7.4159D-01       5.7030D-01       1.3135D-01       6.9135D-01       7.2675D-02
    7.1000D+01       6.1608D-01       7.1734D-01       5.4516D-01       1.2440D-01       6.6671D-01       7.5936D-02
    7.2000D+01       5.9231D-01       6.9429D-01       5.2128D-01       1.1775D-01       6.4330D-01       7.9265D-02
    7.3000D+01       5.6971D-01       6.7237D-01       4.9858D-01       1.1139D-01       6.2104D-01       8.2647D-02
    7.4000D+01       5.4824D-01       6.5149D-01       4.7697D-01       1.0533D-01       5.9986D-01       8.6063D-02
    7.5000D+01       5.2782D-01       6.3159D-01       4.5640D-01       9.9561D-02       5.7971D-01       8.9497D-02
    7.6000D+01       5.0843D-01       6.1260D-01       4.3679D-01       9.4064D-02       5.6051D-01       9.2928D-02
    7.7000D+01       4.8999D-01       5.9447D-01       4.1809D-01       8.8834D-02       5.4223D-01       9.6337D-02
    7.8000D+01       4.7248D-01       5.7713D-01       4.0024D-01       8.3858D-02       5.2480D-01       9.9704D-02
    7.9000D+01       4.5585D-01       5.6054D-01       3.8319D-01       7.9125D-02       5.0819D-01       1.0300D-01
    8.0000D+01       4.4006D-01       5.4465D-01       3.6689D-01       7.4621D-02       4.9236D-01       1.0622D-01
    8.1000D+01       4.2508D-01       5.2943D-01       3.5130D-01       7.0333D-02       4.7725D-01       1.0932D-01
    8.2000D+01       4.1087D-01       5.1482D-01       3.3638D-01       6.6249D-02       4.6284D-01       1.1229D-01
    8.3000D+01       3.9741D-01       5.0080D-01       3.2209D-01       6.2354D-02       4.4910D-01       1.1511D-01
    8.4000D+01       3.8466D-01       4.8734D-01       3.0840D-01       5.8634D-02       4.3600D-01       1.1774D-01
    8.5000D+01       3.7261D-01       4.7440D-01       2.9528D-01       5.5078D-02       4.2351D-01       1.2018D-01
    8.6000D+01       3.6122D-01       4.6197D-01       2.8271D-01       5.1671D-02       4.1160D-01       1.2238D-01
    8.7000D+01       3.5048D-01       4.5001D-01       2.7065D-01       4.8402D-02       4.0025D-01       1.2433D-01
    8.8000D+01       3.4036D-01       4.3851D-01       2.5908D-01       4.5258D-02       3.8944D-01       1.2602D-01
    8.9000D+01       3.3084D-01       4.2746D-01       2.4800D-01       4.2229D-02       3.7915D-01       1.2741D-01
    9.0000D+01       3.2191D-01       4.1682D-01       2.3736D-01       3.9305D-02       3.6936D-01       1.2848D-01
    9.1000D+01       3.1354D-01       4.0659D-01       2.2716D-01       3.6474D-02       3.6006D-01       1.2922D-01
    9.2000D+01       3.0571D-01       3.9675D-01       2.1739D-01       3.3730D-02       3.5123D-01       1.2960D-01
    9.3000D+01       2.9842D-01       3.8729D-01       2.0802D-01       3.1063D-02       3.4285D-01       1.2961D-01
    9.4000D+01       2.9163D-01       3.7820D-01       1.9904D-01       2.8467D-02       3.3492D-01       1.2924D-01
    9.5000D+01       2.8534D-01       3.6946D-01       1.9044D-01       2.5937D-02       3.2740D-01       1.2846D-01
    9.6000D+01       2.7953D-01       3.6106D-01       1.8220D-01       2.3466D-02       3.2030D-01       1.2727D-01
    9.7000D+01       2.7419D-01       3.5299D-01       1.7431D-01       2.1052D-02       3.1359D-01       1.2565D-01
    9.8000D+01       2.6929D-01       3.4524D-01       1.6676D-01       1.8690D-02       3.0726D-01       1.2359D-01
    9.9000D+01       2.6482D-01       3.3779D-01       1.5954D-01       1.6380D-02       3.0130D-01       1.2110D-01
    1.0000D+02       2.6076D-01       3.3064D-01       1.5263D-01       1.4120D-02       2.9570D-01       1.1816D-01
    1.0100D+02       2.5710D-01       3.2377D-01       1.4601D-01       1.1910D-02       2.9044D-01       1.1477D-01
    1.0200D+02       2.5382D-01       3.1717D-01       1.3968D-01       9.7502D-03       2.8550D-01       1.1094D-01
    1.0300D+02       2.5091D-01       3.1082D-01       1.3363D-01       7.6432D-03       2.8087D-01       1.0666D-01
    1.0400D+02       2.4834D-01       3.0472D-01       1.2783D-01       5.5912D-03       2.7653D-01       1.0194D-01
    1.0500D+02       2.4611D-01       2.9885D-01       1.2228D-01       3.5974D-03       2.7248D-01       9.6783D-02
    1.0600D+02       2.4418D-01       2.9319D-01       1.1695D-01       1.6657D-03       2.6868D-01       9.1203D-02
    1.0700D+02       2.4254D-01       2.8773D-01       1.1183D-01      -1.9938D-04       2.6514D-01       8.5205D-02
    1.0800D+02       2.4118D-01       2.8245D-01       1.0691D-01      -1.9927D-03       2.6182D-01       7.8802D-02
    1.0900D+02       2.4008D-01       2.7734D-01       1.0217D-01      -3.7086D-03       2.5871D-01       7.2004D-02
    1.1000D+02       2.3921D-01       2.7238D-01       9.7593D-02      -5.3414D-03       2.5579D-01       6.4825D-02
    1.1100D+02       2.3856D-01       2.6755D-01       9.3157D-02      -6.8847D-03       2.5306D-01       5.7277D-02
    1.1200D+02       2.3811D-01       2.6284D-01       8.8847D-02      -8.3323D-03       2.5047D-01       4.9374D-02
    1.1300D+02       2.3783D-01       2.5824D-01       8.4643D-02      -9.6777D-03       2.4803D-01       4.1130D-02
    1.1400D+02       2.3772D-01       2.5372D-01       8.0527D-02      -1.0915D-02       2.4572D-01       3.2558D-02
    1.1500D+02       2.3774D-01       2.4927D-01       7.6480D-02      -1.2037D-02       2.4350D-01       2.3671D-02
    1.1600D+02       2.3788D-01       2.4488D-01       7.2483D-02      -1.3038D-02       2.4138D-01       1.4483D-02
    1.1700D+02       2.3813D-01       2.4052D-01       6.8517D-02      -1.3914D-02       2.3933D-01       5.0069D-03
    1.1800D+02       2.3846D-01       2.3620D-01       6.4563D-02      -1.4658D-02       2.3733D-01      -4.7448D-03
    1.1900D+02       2.3885D-01       2.3190D-01       6.0603D-02      -1.5266D-02       2.3537D-01      -1.4759D-02
    1.2000D+02       2.3929D-01       2.2760D-01       5.6619D-02      -1.5735D-02       2.3344D-01      -2.5023D-02
    1.2100D+02       2.3975D-01       2.2330D-01       5.2592D-02      -1.6061D-02       2.3153D-01      -3.5524D-02
    1.2200D+02       2.4024D-01       2.1900D-01       4.8508D-02      -1.6243D-02       2.2962D-01      -4.6247D-02
    1.2300D+02       2.4072D-01       2.1468D-01       4.4349D-02      -1.6279D-02       2.2770D-01      -5.7177D-02
    1.2400D+02       2.4118D-01       2.1034D-01       4.0102D-02      -1.6169D-02       2.2576D-01      -6.8299D-02
    1.2500D+02       2.4162D-01       2.0599D-01       3.5753D-02      -1.5914D-02       2.2380D-01      -7.9593D-02
    1.2600D+02       2.4201D-01       2.0162D-01       3.1289D-02      -1.5517D-02       2.2182D-01      -9.1039D-02
    1.2700D+02       2.4235D-01       1.9724D-01       2.6699D-02      -1.4981D-02       2.1980D-01      -1.0261D-01
    1.2800D+02       2.4263D-01       1.9286D-01       2.1976D-02      -1.4310D-02       2.1775D-01      -1.1429D-01
    1.2900D+02       2.4284D-01       1.8848D-01       1.7110D-02      -1.3511D-02       2.1566D-01      -1.2603D-01
    1.3000D+02       2.4298D-01       1.8412D-01       1.2096D-02      -1.2589D-02       2.1355D-01      -1.3780D-01
    1.3100D+02       2.4303D-01       1.7979D-01       6.9302D-03      -1.1553D-02       2.1141D-01      -1.4957D-01
    1.3200D+02       2.4300D-01       1.7550D-01       1.6095D-03      -1.0413D-02       2.0925D-01      -1.6127D-01
    1.3300D+02       2.4288D-01       1.7128D-01      -3.8663D-03      -9.1793D-03       2.0708D-01      -1.7286D-01
    1.3400D+02       2.4266D-01       1.6714D-01      -9.4960D-03      -7.8623D-03       2.0490D-01      -1.8428D-01
    1.3500D+02       2.4236D-01       1.6311D-01      -1.5276D-02      -6.4746D-03       2.0274D-01      -1.9546D-01
    1.3600D+02       2.4197D-01       1.5921D-01      -2.1202D-02      -5.0293D-03       2.0059D-01      -2.0631D-01
    1.3700D+02       2.4150D-01       1.5546D-01      -2.7267D-02      -3.5399D-03       1.9848D-01      -2.1676D-01
    1.3800D+02       2.4095D-01       1.5188D-01      -3.3461D-02      -2.0208D-03       1.9642D-01      -2.2672D-01
    1.3900D+02       2.4032D-01       1.4852D-01      -3.9776D-02      -4.8645D-04       1.9442D-01      -2.3610D-01
    1.4000D+02       2.3962D-01       1.4538D-01      -4.6200D-02       1.0483D-03       1.9250D-01      -2.4478D-01
    1.4100D+02       2.3886D-01       1.4250D-01      -5.2719D-02       2.5687D-03       1.9068D-01      -2.5268D-01
    1.4200D+02       2.3804D-01       1.3990D-01      -5.9319D-02       4.0598D-03       1.8897D-01      -2.5968D-01
    1.4300D+02       2.3718D-01       1.3760D-01      -6.5984D-02       5.5073D-03       1.8739D-01      -2.6569D-01
    1.4400D+02       2.3628D-01       1.3564D-01      -7.2699D-02       6.8971D-03       1.8596D-01      -2.7061D-01
    1.4500D+02       2.3536D-01       1.3402D-01      -7.9446D-02       8.2159D-03       1.8469D-01      -2.7434D-01
    1.4600D+02       2.3441D-01       1.3277D-01      -8.6207D-02       9.4509D-03       1.8359D-01      -2.7680D-01
    1.4700D+02       2.3346D-01       1.3191D-01      -9.2964D-02       1.0591D-02       1.8268D-01      -2.7793D-01
    1.4800D+02       2.3250D-01       1.3145D-01      -9.9697D-02       1.1624D-02       1.8197D-01      -2.7767D-01
    1.4900D+02       2.3156D-01       1.3139D-01      -1.0639D-01       1.2543D-02       1.8147D-01      -2.7599D-01
    1.5000D+02       2.3063D-01       1.3175D-01      -1.1302D-01       1.3338D-02       1.8119D-01      -2.7288D-01
    1.5100D+02       2.2973D-01       1.3252D-01      -1.1958D-01       1.4004D-02       1.8113D-01      -2.6835D-01
    1.5200D+02       2.2887D-01       1.3371D-01      -1.2603D-01       1.4536D-02       1.8129D-01      -2.6244D-01
    1.5300D+02       2.2804D-01       1.3531D-01      -1.3237D-01       1.4930D-02       1.8168D-01      -2.5520D-01
    1.5400D+02       2.2726D-01       1.3731D-01      -1.3859D-01       1.5185D-02       1.8229D-01      -2.4672D-01
    1.5500D+02       2.2654D-01       1.3970D-01      -1.4465D-01       1.5300D-02       1.8312D-01      -2.3710D-01
    1.5600D+02       2.2587D-01       1.4246D-01      -1.5056D-01       1.5279D-02       1.8416D-01      -2.2646D-01
    1.5700D+02       2.2526D-01       1.4556D-01      -1.5628D-01       1.5125D-02       1.8541D-01      -2.1492D-01
    1.5800D+02       2.2471D-01       1.4898D-01      -1.6182D-01       1.4843D-02       1.8685D-01      -2.0264D-01
    1.5900D+02       2.2423D-01       1.5270D-01      -1.6716D-01       1.4440D-02       1.8846D-01      -1.8978D-01
    1.6000D+02       2.2381D-01       1.5666D-01      -1.7229D-01       1.3925D-02       1.9024D-01      -1.7648D-01
    1.6100D+02       2.2345D-01       1.6085D-01      -1.7719D-01       1.3307D-02       1.9215D-01      -1.6291D-01
    1.6200D+02       2.2315D-01       1.6521D-01      -1.8187D-01       1.2598D-02       1.9418D-01      -1.4921D-01
    1.6300D+02       2.2292D-01       1.6970D-01      -1.8631D-01       1.1810D-02       1.9631D-01      -1.3554D-01
    1.6400D+02       2.2273D-01       1.7428D-01      -1.9051D-01       1.0957D-02       1.9851D-01      -1.2203D-01
    1.6500D+02       2.2260D-01       1.7891D-01      -1.9447D-01       1.0053D-02       2.0076D-01      -1.0881D-01
    1.6600D+02       2.2251D-01       1.8353D-01      -1.9817D-01       9.1118D-03       2.0302D-01      -9.6008D-02
    1.6700D+02       2.2247D-01       1.8810D-01      -2.0162D-01       8.1494D-03       2.0528D-01      -8.3720D-02
    1.6800D+02       2.2246D-01       1.9256D-01      -2.0481D-01       7.1809D-03       2.0751D-01      -7.2043D-02
    1.6900D+02       2.2248D-01       1.9688D-01      -2.0775D-01       6.2216D-03       2.0968D-01      -6.1058D-02
    1.7000D+02       2.2253D-01       2.0100D-01      -2.1042D-01       5.2865D-03       2.1176D-01      -5.0838D-02
    1.7100D+02       2.2259D-01       2.0487D-01      -2.1284D-01       4.3902D-03       2.1373D-01      -4.1443D-02
    1.7200D+02       2.2266D-01       2.0847D-01      -2.1501D-01       3.5466D-03       2.1557D-01      -3.2924D-02
    1.7300D+02       2.2274D-01       2.1174D-01      -2.1691D-01       2.7688D-03       2.1724D-01      -2.5324D-02
    1.7400D+02       2.2282D-01       2.1465D-01      -2.1856D-01       2.0687D-03       2.1874D-01      -1.8676D-02
    1.7500D+02       2.2290D-01       2.1718D-01      -2.1995D-01       1.4570D-03       2.2004D-01      -1.3010D-02
    1.7600D+02       2.2297D-01       2.1928D-01      -2.2109D-01       9.4334D-04       2.2113D-01      -8.3471D-03
    1.7700D+02       2.2303D-01       2.2094D-01      -2.2197D-01       5.3541D-04       2.2199D-01      -4.7041D-03
    1.7800D+02       2.2307D-01       2.2214D-01      -2.2260D-01       2.3948D-04       2.2261D-01      -2.0934D-03
    1.7900D+02       2.2310D-01       2.2287D-01      -2.2298D-01       6.0100D-05       2.2298D-01      -5.2376D-04
    1.8000D+02       2.2311D-01       2.2311D-01      -2.2311D-01       2.0748D-18       2.2311D-01       0.0000D+00
