 numangles= 181
  g= 5.08038D-01
   scat. angle           m2               m1              s21              d21           phase func.      polarization  
    0.0000D+00       1.0165D+01       1.0165D+01       1.0165D+01       0.0000D+00       1.0165D+01       0.0000D+00
    1.0000D+00       1.0142D+01       1.0148D+01       1.0145D+01       3.9337D-03       1.0145D+01       3.0099D-04
    2.0000D+00       1.0075D+01       1.0099D+01       1.0087D+01       1.5629D-02       1.0087D+01       1.2031D-03
    3.0000D+00       9.9635D+00       1.0018D+01       9.9904D+00       3.4773D-02       9.9905D+00       2.7040D-03
    4.0000D+00       9.8106D+00       9.9052D+00       9.8575D+00       6.0858D-02       9.8579D+00       4.7994D-03
    5.0000D+00       9.6186D+00       9.7636D+00       9.6902D+00       9.3201D-02       9.6911D+00       7.4835D-03
    6.0000D+00       9.3907D+00       9.5948D+00       9.4909D+00       1.3097D-01       9.4928D+00       1.0749D-02
    7.0000D+00       9.1308D+00       9.4011D+00       9.2626D+00       1.7323D-01       9.2660D+00       1.4585D-02
    8.0000D+00       8.8430D+00       9.1852D+00       9.0086D+00       2.1895D-01       9.0141D+00       1.8980D-02
    9.0000D+00       8.5317D+00       8.9499D+00       8.7323D+00       2.6705D-01       8.7408D+00       2.3921D-02
    1.0000D+01       8.2014D+00       8.6981D+00       8.4373D+00       3.1647D-01       8.4497D+00       2.9390D-02
    1.1000D+01       7.8567D+00       8.4329D+00       8.1274D+00       3.6617D-01       8.1448D+00       3.5369D-02
    1.2000D+01       7.5021D+00       8.1572D+00       7.8061D+00       4.1514D-01       7.8296D+00       4.1837D-02
    1.3000D+01       7.1417D+00       7.8740D+00       7.4771D+00       4.6251D-01       7.5079D+00       4.8770D-02
    1.4000D+01       6.7796D+00       7.5862D+00       7.1437D+00       5.0747D-01       7.1829D+00       5.6142D-02
    1.5000D+01       6.4194D+00       7.2962D+00       6.8091D+00       5.4937D-01       6.8578D+00       6.3926D-02
    1.6000D+01       6.0643D+00       7.0066D+00       6.4762D+00       5.8767D-01       6.5355D+00       7.2091D-02
    1.7000D+01       5.7171D+00       6.7196D+00       6.1474D+00       6.2199D-01       6.2183D+00       8.0607D-02
    1.8000D+01       5.3800D+00       6.4369D+00       5.8251D+00       6.5206D-01       5.9084D+00       8.9443D-02
    1.9000D+01       5.0549D+00       6.1603D+00       5.5111D+00       6.7776D-01       5.6076D+00       9.8565D-02
    2.0000D+01       4.7432D+00       5.8912D+00       5.2070D+00       6.9906D-01       5.3172D+00       1.0794D-01
    2.1000D+01       4.4461D+00       5.6305D+00       4.9139D+00       7.1606D-01       5.0383D+00       1.1755D-01
    2.2000D+01       4.1640D+00       5.3793D+00       4.6328D+00       7.2892D-01       4.7717D+00       1.2735D-01
    2.3000D+01       3.8974D+00       5.1381D+00       4.3643D+00       7.3788D-01       4.5178D+00       1.3732D-01
    2.4000D+01       3.6463D+00       4.9073D+00       4.1087D+00       7.4324D-01       4.2768D+00       1.4743D-01
    2.5000D+01       3.4104D+00       4.6872D+00       3.8662D+00       7.4530D-01       4.0488D+00       1.5767D-01
    2.6000D+01       3.1895D+00       4.4777D+00       3.6367D+00       7.4443D-01       3.8336D+00       1.6801D-01
    2.7000D+01       2.9830D+00       4.2788D+00       3.4200D+00       7.4095D-01       3.6309D+00       1.7845D-01
    2.8000D+01       2.7902D+00       4.0903D+00       3.2158D+00       7.3522D-01       3.4402D+00       1.8896D-01
    2.9000D+01       2.6105D+00       3.9119D+00       3.0236D+00       7.2757D-01       3.2612D+00       1.9954D-01
    3.0000D+01       2.4431D+00       3.7433D+00       2.8429D+00       7.1829D-01       3.0932D+00       2.1018D-01
    3.1000D+01       2.2872D+00       3.5841D+00       2.6731D+00       7.0769D-01       2.9356D+00       2.2088D-01
    3.2000D+01       2.1422D+00       3.4337D+00       2.5137D+00       6.9602D-01       2.7880D+00       2.3163D-01
    3.3000D+01       2.0072D+00       3.2919D+00       2.3641D+00       6.8349D-01       2.6495D+00       2.4243D-01
    3.4000D+01       1.8816D+00       3.1580D+00       2.2236D+00       6.7032D-01       2.5198D+00       2.5327D-01
    3.5000D+01       1.7647D+00       3.0317D+00       2.0917D+00       6.5667D-01       2.3982D+00       2.6416D-01
    3.6000D+01       1.6558D+00       2.9124D+00       1.9679D+00       6.4269D-01       2.2841D+00       2.7508D-01
    3.7000D+01       1.5544D+00       2.7999D+00       1.8515D+00       6.2851D-01       2.1771D+00       2.8604D-01
    3.8000D+01       1.4598D+00       2.6935D+00       1.7422D+00       6.1423D-01       2.0767D+00       2.9704D-01
    3.9000D+01       1.3717D+00       2.5930D+00       1.6393D+00       5.9993D-01       1.9824D+00       3.0805D-01
    4.0000D+01       1.2895D+00       2.4980D+00       1.5425D+00       5.8568D-01       1.8937D+00       3.1909D-01
    4.1000D+01       1.2127D+00       2.4080D+00       1.4513D+00       5.7154D-01       1.8104D+00       3.3014D-01
    4.2000D+01       1.1410D+00       2.3229D+00       1.3653D+00       5.5755D-01       1.7320D+00       3.4119D-01
    4.3000D+01       1.0741D+00       2.2422D+00       1.2843D+00       5.4375D-01       1.6582D+00       3.5223D-01
    4.4000D+01       1.0116D+00       2.1657D+00       1.2078D+00       5.3016D-01       1.5886D+00       3.6325D-01
    4.5000D+01       9.5308D-01       2.0931D+00       1.1355D+00       5.1680D-01       1.5231D+00       3.7425D-01
    4.6000D+01       8.9841D-01       2.0242D+00       1.0672D+00       5.0369D-01       1.4613D+00       3.8520D-01
    4.7000D+01       8.4726D-01       1.9587D+00       1.0026D+00       4.9084D-01       1.4030D+00       3.9610D-01
    4.8000D+01       7.9941D-01       1.8964D+00       9.4151D-01       4.7825D-01       1.3479D+00       4.0693D-01
    4.9000D+01       7.5464D-01       1.8372D+00       8.8363D-01       4.6594D-01       1.2959D+00       4.1767D-01
    5.0000D+01       7.1274D-01       1.7808D+00       8.2878D-01       4.5390D-01       1.2468D+00       4.2832D-01
    5.1000D+01       6.7352D-01       1.7270D+00       7.7677D-01       4.4213D-01       1.2003D+00       4.3886D-01
    5.2000D+01       6.3681D-01       1.6758D+00       7.2744D-01       4.3064D-01       1.1563D+00       4.4928D-01
    5.3000D+01       6.0244D-01       1.6269D+00       6.8060D-01       4.1942D-01       1.1147D+00       4.5954D-01
    5.4000D+01       5.7028D-01       1.5803D+00       6.3612D-01       4.0847D-01       1.0753D+00       4.6965D-01
    5.5000D+01       5.4017D-01       1.5358D+00       5.9385D-01       3.9779D-01       1.0380D+00       4.7959D-01
    5.6000D+01       5.1199D-01       1.4932D+00       5.5366D-01       3.8737D-01       1.0026D+00       4.8934D-01
    5.7000D+01       4.8563D-01       1.4525D+00       5.1543D-01       3.7721D-01       9.6908D-01       4.9888D-01
    5.8000D+01       4.6096D-01       1.4136D+00       4.7904D-01       3.6731D-01       9.3729D-01       5.0819D-01
    5.9000D+01       4.3790D-01       1.3764D+00       4.4438D-01       3.5765D-01       9.0713D-01       5.1727D-01
    6.0000D+01       4.1633D-01       1.3407D+00       4.1137D-01       3.4824D-01       8.7851D-01       5.2610D-01
    6.1000D+01       3.9617D-01       1.3065D+00       3.7990D-01       3.3908D-01       8.5134D-01       5.3465D-01
    6.2000D+01       3.7734D-01       1.2738D+00       3.4990D-01       3.3014D-01       8.2555D-01       5.4292D-01
    6.3000D+01       3.5977D-01       1.2423D+00       3.2127D-01       3.2144D-01       8.0105D-01       5.5088D-01
    6.4000D+01       3.4337D-01       1.2122D+00       2.9395D-01       3.1296D-01       7.7778D-01       5.5853D-01
    6.5000D+01       3.2807D-01       1.1833D+00       2.6786D-01       3.0470D-01       7.5566D-01       5.6585D-01
    6.6000D+01       3.1383D-01       1.1555D+00       2.4294D-01       2.9665D-01       7.3465D-01       5.7281D-01
    6.7000D+01       3.0057D-01       1.1288D+00       2.1912D-01       2.8880D-01       7.1467D-01       5.7942D-01
    6.8000D+01       2.8824D-01       1.1031D+00       1.9635D-01       2.8116D-01       6.9567D-01       5.8566D-01
    6.9000D+01       2.7680D-01       1.0784D+00       1.7458D-01       2.7372D-01       6.7761D-01       5.9151D-01
    7.0000D+01       2.6618D-01       1.0547D+00       1.5374D-01       2.6647D-01       6.6043D-01       5.9696D-01
    7.1000D+01       2.5634D-01       1.0318D+00       1.3380D-01       2.5940D-01       6.4409D-01       6.0201D-01
    7.2000D+01       2.4725D-01       1.0098D+00       1.1471D-01       2.5252D-01       6.2855D-01       6.0664D-01
    7.3000D+01       2.3885D-01       9.8866D-01       9.6428D-02       2.4581D-01       6.1376D-01       6.1084D-01
    7.4000D+01       2.3112D-01       9.6826D-01       7.8909D-02       2.3927D-01       5.9969D-01       6.1460D-01
    7.5000D+01       2.2401D-01       9.4859D-01       6.2117D-02       2.3290D-01       5.8630D-01       6.1793D-01
    7.6000D+01       2.1749D-01       9.2964D-01       4.6017D-02       2.2669D-01       5.7357D-01       6.2080D-01
    7.7000D+01       2.1154D-01       9.1135D-01       3.0575D-02       2.2064D-01       5.6145D-01       6.2322D-01
    7.8000D+01       2.0612D-01       8.9371D-01       1.5760D-02       2.1474D-01       5.4991D-01       6.2519D-01
    7.9000D+01       2.0119D-01       8.7669D-01       1.5415D-03       2.0899D-01       5.3894D-01       6.2669D-01
    8.0000D+01       1.9675D-01       8.6026D-01      -1.2109D-02       2.0339D-01       5.2850D-01       6.2773D-01
    8.1000D+01       1.9275D-01       8.4440D-01      -2.5219D-02       1.9793D-01       5.1857D-01       6.2831D-01
    8.2000D+01       1.8918D-01       8.2907D-01      -3.7813D-02       1.9260D-01       5.0913D-01       6.2842D-01
    8.3000D+01       1.8602D-01       8.1427D-01      -4.9915D-02       1.8741D-01       5.0014D-01       6.2808D-01
    8.4000D+01       1.8323D-01       7.9996D-01      -6.1548D-02       1.8234D-01       4.9160D-01       6.2727D-01
    8.5000D+01       1.8081D-01       7.8613D-01      -7.2733D-02       1.7740D-01       4.8347D-01       6.2601D-01
    8.6000D+01       1.7874D-01       7.7276D-01      -8.3492D-02       1.7259D-01       4.7575D-01       6.2430D-01
    8.7000D+01       1.7699D-01       7.5983D-01      -9.3843D-02       1.6789D-01       4.6841D-01       6.2214D-01
    8.8000D+01       1.7555D-01       7.4732D-01      -1.0380D-01       1.6331D-01       4.6144D-01       6.1955D-01
    8.9000D+01       1.7441D-01       7.3521D-01      -1.1339D-01       1.5884D-01       4.5481D-01       6.1653D-01
    9.0000D+01       1.7354D-01       7.2350D-01      -1.2263D-01       1.5448D-01       4.4852D-01       6.1309D-01
    9.1000D+01       1.7293D-01       7.1216D-01      -1.3152D-01       1.5022D-01       4.4255D-01       6.0923D-01
    9.2000D+01       1.7258D-01       7.0118D-01      -1.4010D-01       1.4607D-01       4.3688D-01       6.0498D-01
    9.3000D+01       1.7246D-01       6.9055D-01      -1.4836D-01       1.4202D-01       4.3150D-01       6.0033D-01
    9.4000D+01       1.7257D-01       6.8025D-01      -1.5632D-01       1.3807D-01       4.2641D-01       5.9531D-01
    9.5000D+01       1.7288D-01       6.7028D-01      -1.6400D-01       1.3421D-01       4.2158D-01       5.8992D-01
    9.6000D+01       1.7340D-01       6.6061D-01      -1.7141D-01       1.3044D-01       4.1701D-01       5.8417D-01
    9.7000D+01       1.7411D-01       6.5124D-01      -1.7855D-01       1.2676D-01       4.1268D-01       5.7809D-01
    9.8000D+01       1.7501D-01       6.4217D-01      -1.8545D-01       1.2317D-01       4.0859D-01       5.7168D-01
    9.9000D+01       1.7607D-01       6.3337D-01      -1.9211D-01       1.1967D-01       4.0472D-01       5.6496D-01
    1.0000D+02       1.7729D-01       6.2484D-01      -1.9855D-01       1.1625D-01       4.0106D-01       5.5794D-01
    1.0100D+02       1.7867D-01       6.1656D-01      -2.0476D-01       1.1291D-01       3.9762D-01       5.5065D-01
    1.0200D+02       1.8020D-01       6.0854D-01      -2.1077D-01       1.0964D-01       3.9437D-01       5.4308D-01
    1.0300D+02       1.8186D-01       6.0076D-01      -2.1657D-01       1.0646D-01       3.9131D-01       5.3526D-01
    1.0400D+02       1.8365D-01       5.9322D-01      -2.2218D-01       1.0335D-01       3.8843D-01       5.2721D-01
    1.0500D+02       1.8556D-01       5.8590D-01      -2.2761D-01       1.0030D-01       3.8573D-01       5.1893D-01
    1.0600D+02       1.8759D-01       5.7880D-01      -2.3286D-01       9.7335D-02       3.8320D-01       5.1045D-01
    1.0700D+02       1.8973D-01       5.7191D-01      -2.3794D-01       9.4433D-02       3.8082D-01       5.0178D-01
    1.0800D+02       1.9198D-01       5.6523D-01      -2.4286D-01       9.1599D-02       3.7860D-01       4.9293D-01
    1.0900D+02       1.9432D-01       5.5874D-01      -2.4762D-01       8.8829D-02       3.7653D-01       4.8393D-01
    1.1000D+02       1.9675D-01       5.5245D-01      -2.5224D-01       8.6123D-02       3.7460D-01       4.7477D-01
    1.1100D+02       1.9927D-01       5.4634D-01      -2.5671D-01       8.3478D-02       3.7280D-01       4.6549D-01
    1.1200D+02       2.0187D-01       5.4041D-01      -2.6104D-01       8.0894D-02       3.7114D-01       4.5609D-01
    1.1300D+02       2.0455D-01       5.3466D-01      -2.6524D-01       7.8369D-02       3.6960D-01       4.4658D-01
    1.1400D+02       2.0729D-01       5.2908D-01      -2.6932D-01       7.5900D-02       3.6819D-01       4.3699D-01
    1.1500D+02       2.1011D-01       5.2366D-01      -2.7327D-01       7.3488D-02       3.6689D-01       4.2732D-01
    1.1600D+02       2.1299D-01       5.1841D-01      -2.7710D-01       7.1130D-02       3.6570D-01       4.1758D-01
    1.1700D+02       2.1593D-01       5.1331D-01      -2.8083D-01       6.8825D-02       3.6462D-01       4.0780D-01
    1.1800D+02       2.1892D-01       5.0836D-01      -2.8444D-01       6.6572D-02       3.6364D-01       3.9797D-01
    1.1900D+02       2.2196D-01       5.0355D-01      -2.8795D-01       6.4369D-02       3.6276D-01       3.8812D-01
    1.2000D+02       2.2506D-01       4.9889D-01      -2.9137D-01       6.2216D-02       3.6197D-01       3.7825D-01
    1.2100D+02       2.2819D-01       4.9437D-01      -2.9468D-01       6.0111D-02       3.6128D-01       3.6838D-01
    1.2200D+02       2.3137D-01       4.8998D-01      -2.9791D-01       5.8054D-02       3.6068D-01       3.5851D-01
    1.2300D+02       2.3458D-01       4.8573D-01      -3.0105D-01       5.6042D-02       3.6016D-01       3.4866D-01
    1.2400D+02       2.3783D-01       4.8160D-01      -3.0410D-01       5.4076D-02       3.5972D-01       3.3883D-01
    1.2500D+02       2.4111D-01       4.7760D-01      -3.0707D-01       5.2153D-02       3.5936D-01       3.2904D-01
    1.2600D+02       2.4442D-01       4.7372D-01      -3.0996D-01       5.0274D-02       3.5907D-01       3.1929D-01
    1.2700D+02       2.4776D-01       4.6995D-01      -3.1277D-01       4.8437D-02       3.5886D-01       3.0959D-01
    1.2800D+02       2.5112D-01       4.6631D-01      -3.1551D-01       4.6641D-02       3.5871D-01       2.9995D-01
    1.2900D+02       2.5449D-01       4.6277D-01      -3.1819D-01       4.4885D-02       3.5863D-01       2.9038D-01
    1.3000D+02       2.5789D-01       4.5934D-01      -3.2079D-01       4.3170D-02       3.5862D-01       2.8088D-01
    1.3100D+02       2.6130D-01       4.5603D-01      -3.2333D-01       4.1493D-02       3.5866D-01       2.7146D-01
    1.3200D+02       2.6473D-01       4.5281D-01      -3.2581D-01       3.9854D-02       3.5877D-01       2.6212D-01
    1.3300D+02       2.6817D-01       4.4970D-01      -3.2822D-01       3.8252D-02       3.5893D-01       2.5288D-01
    1.3400D+02       2.7161D-01       4.4669D-01      -3.3058D-01       3.6687D-02       3.5915D-01       2.4374D-01
    1.3500D+02       2.7506D-01       4.4377D-01      -3.3287D-01       3.5158D-02       3.5942D-01       2.3470D-01
    1.3600D+02       2.7852D-01       4.4096D-01      -3.3512D-01       3.3665D-02       3.5974D-01       2.2577D-01
    1.3700D+02       2.8198D-01       4.3823D-01      -3.3731D-01       3.2206D-02       3.6010D-01       2.1696D-01
    1.3800D+02       2.8543D-01       4.3559D-01      -3.3945D-01       3.0782D-02       3.6051D-01       2.0826D-01
    1.3900D+02       2.8889D-01       4.3305D-01      -3.4154D-01       2.9391D-02       3.6097D-01       1.9968D-01
    1.4000D+02       2.9234D-01       4.3059D-01      -3.4357D-01       2.8034D-02       3.6146D-01       1.9124D-01
    1.4100D+02       2.9578D-01       4.2822D-01      -3.4557D-01       2.6709D-02       3.6200D-01       1.8292D-01
    1.4200D+02       2.9922D-01       4.2593D-01      -3.4751D-01       2.5417D-02       3.6257D-01       1.7474D-01
    1.4300D+02       3.0264D-01       4.2372D-01      -3.4941D-01       2.4157D-02       3.6318D-01       1.6669D-01
    1.4400D+02       3.0605D-01       4.2159D-01      -3.5127D-01       2.2929D-02       3.6382D-01       1.5879D-01
    1.4500D+02       3.0945D-01       4.1955D-01      -3.5308D-01       2.1732D-02       3.6450D-01       1.5103D-01
    1.4600D+02       3.1282D-01       4.1757D-01      -3.5485D-01       2.0566D-02       3.6520D-01       1.4342D-01
    1.4700D+02       3.1618D-01       4.1568D-01      -3.5658D-01       1.9431D-02       3.6593D-01       1.3596D-01
    1.4800D+02       3.1951D-01       4.1386D-01      -3.5826D-01       1.8327D-02       3.6668D-01       1.2865D-01
    1.4900D+02       3.2281D-01       4.1211D-01      -3.5990D-01       1.7254D-02       3.6746D-01       1.2151D-01
    1.5000D+02       3.2609D-01       4.1043D-01      -3.6151D-01       1.6210D-02       3.6826D-01       1.1452D-01
    1.5100D+02       3.2933D-01       4.0882D-01      -3.6307D-01       1.5198D-02       3.6908D-01       1.0769D-01
    1.5200D+02       3.3254D-01       4.0728D-01      -3.6459D-01       1.4215D-02       3.6991D-01       1.0103D-01
    1.5300D+02       3.3570D-01       4.0581D-01      -3.6607D-01       1.3263D-02       3.7076D-01       9.4545D-02
    1.5400D+02       3.3883D-01       4.0441D-01      -3.6751D-01       1.2341D-02       3.7162D-01       8.8230D-02
    1.5500D+02       3.4191D-01       4.0306D-01      -3.6891D-01       1.1450D-02       3.7249D-01       8.2092D-02
    1.5600D+02       3.4494D-01       4.0179D-01      -3.7027D-01       1.0590D-02       3.7336D-01       7.6134D-02
    1.5700D+02       3.4791D-01       4.0057D-01      -3.7158D-01       9.7598D-03       3.7424D-01       7.0360D-02
    1.5800D+02       3.5082D-01       3.9942D-01      -3.7285D-01       8.9610D-03       3.7512D-01       6.4775D-02
    1.5900D+02       3.5367D-01       3.9833D-01      -3.7408D-01       8.1936D-03       3.7600D-01       5.9383D-02
    1.6000D+02       3.5645D-01       3.9729D-01      -3.7526D-01       7.4577D-03       3.7687D-01       5.4189D-02
    1.6100D+02       3.5915D-01       3.9632D-01      -3.7640D-01       6.7538D-03       3.7773D-01       4.9197D-02
    1.6200D+02       3.6177D-01       3.9540D-01      -3.7749D-01       6.0821D-03       3.7858D-01       4.4412D-02
    1.6300D+02       3.6430D-01       3.9453D-01      -3.7854D-01       5.4430D-03       3.7942D-01       3.9839D-02
    1.6400D+02       3.6674D-01       3.9373D-01      -3.7953D-01       4.8371D-03       3.8023D-01       3.5485D-02
    1.6500D+02       3.6908D-01       3.9297D-01      -3.8047D-01       4.2646D-03       3.8103D-01       3.1354D-02
    1.6600D+02       3.7131D-01       3.9227D-01      -3.8137D-01       3.7262D-03       3.8179D-01       2.7453D-02
    1.6700D+02       3.7343D-01       3.9162D-01      -3.8220D-01       3.2221D-03       3.8252D-01       2.3787D-02
    1.6800D+02       3.7542D-01       3.9103D-01      -3.8299D-01       2.7530D-03       3.8322D-01       2.0362D-02
    1.6900D+02       3.7729D-01       3.9048D-01      -3.8372D-01       2.3193D-03       3.8388D-01       1.7184D-02
    1.7000D+02       3.7902D-01       3.8999D-01      -3.8439D-01       1.9213D-03       3.8450D-01       1.4260D-02
    1.7100D+02       3.8061D-01       3.8954D-01      -3.8500D-01       1.5597D-03       3.8507D-01       1.1594D-02
    1.7200D+02       3.8205D-01       3.8914D-01      -3.8555D-01       1.2349D-03       3.8560D-01       9.1916D-03
    1.7300D+02       3.8334D-01       3.8879D-01      -3.8604D-01       9.4717D-04       3.8607D-01       7.0588D-03
    1.7400D+02       3.8447D-01       3.8849D-01      -3.8647D-01       6.9699D-04       3.8648D-01       5.2000D-03
    1.7500D+02       3.8544D-01       3.8824D-01      -3.8683D-01       4.8468D-04       3.8684D-01       3.6194D-03
    1.7600D+02       3.8623D-01       3.8803D-01      -3.8713D-01       3.1054D-04       3.8713D-01       2.3208D-03
    1.7700D+02       3.8685D-01       3.8787D-01      -3.8736D-01       1.7484D-04       3.8736D-01       1.3074D-03
    1.7800D+02       3.8730D-01       3.8775D-01      -3.8753D-01       7.7754D-05       3.8753D-01       5.8168D-04
    1.7900D+02       3.8757D-01       3.8768D-01      -3.8763D-01       1.9446D-05       3.8763D-01       1.4551D-04
    1.8000D+02       3.8766D-01       3.8766D-01      -3.8766D-01      -3.7683D-18       3.8766D-01       2.1479D-16
