9.958785467967676
9.944252643861958
9.90059689745615
9.828765344743745
9.730004642407943
9.605649553306
9.457805743940556
9.28872426107696
9.100748647736754
8.896279721030147
8.677951784504103
8.44804671700937
8.209115565311293
7.9631287737449705
7.712266485430361
7.45803043609825
7.202077440527004
6.945774012279856
6.690043939008698
6.435949344194621
6.184180988363044
5.9353987999539815
5.690138919755563
5.448966125600241
5.212192770624251
4.980319314137882
4.753681896929263
4.532611810394082
4.317516558276141
4.108622582578692
3.906256325304991
3.7107155914139622
3.5221981858645357
3.3408732765713087
3.166898137622937
3.0003895122378013
2.8414165683305024
2.689931730597258
2.54595174225645
2.4093290280042963
2.279892224885124
2.1576175452470427
2.042245519960324
1.9334880428509142
1.8312094324409767
1.7350977949045658
1.6449531302416818
1.5604754384523247
1.481288507188385
1.407292336449863
1.338086926236759
1.2733317456788
1.212903007124095
1.1564363920504805
1.103642604901308
1.0543418651806837
1.0082496348623373
0.9650720803633492
0.9246651485966916
0.8867778696838774
0.851232137450852
0.8178346032539394
0.7864171609190848
0.7568217042722335
0.7289001271393314
0.7025307551985398
0.6775742928932101
0.653946687136315
0.631526263606016
0.6102277798326916
0.5899771827293144
0.570688040443668
0.5523115423583472
0.5347660141515135
0.518019077057978
0.5020154886081187
0.48670643818453047
0.472061925787213
0.4580355195639501
0.44460721951474175
0.43173821502218246
0.4194161273210832
0.40759690332441656
0.39627697488439906
0.3854275313836252
0.3750285728220949
0.36507009919980826
0.3555309211341707
0.3463998492425876
0.3376604516728427
0.3293079708945578
0.3213324069077329
0.31372494909496246
0.30647440807365206
0.2995807838438016
0.29303169764022213
0.2868271494629135
0.2809583286944702
0.27543166718710876
0.2702283543234236
0.2653660113382258
0.2608258276141098
0.2566154243858864
0.2527259910361503
0.2491551487997123
0.24590170829397795
0.24295804828413625
0.24031297938759275
0.2379576909869419
0.23590099369958928
0.2341052662907238
0.2325793193777511
0.23129553172586012
0.2302474714828346
0.22940513864867454
0.22875972260597444
0.22827717026770705
0.22794629225127783
0.227741846087065
0.22762739992285214
0.22759295375863928
0.22759564388999373
0.22761665969950998
0.2276195693349717
0.227596751561568
0.22750296390967706
0.22732820637929887
0.2270472365008116
0.22664124365680988
0.22609141722988818
0.2253913253678301
0.2245197786880412
0.22348796657311598
0.22228588902305446
0.22091354603785662
0.21937855885233334
0.2176985487012956
0.21588351558474328
0.21396751258970378
0.21194935033358245
0.20988427128600115
0.2077775179165817
0.20568433269494585
0.2036299580907155
0.20164963657351237
0.19978623184776922
0.19807617576570247
0.19656233203174472
0.1952711324981124
0.19424663025183275
0.19352406776252762
0.19311987688241328
0.19307048946370617
0.19339233735862266
0.19410185241937905
0.19520022402856987
0.19669626280360067
0.19859758997928226
0.20086777370339828
0.20351800335854334
0.20651946832731202
0.20982811552267697
0.21342632370982728
0.2172688504191412
0.22131283194618598
0.22550421520393435
0.22979894710535909
0.23412535332862197
0.23844819140410123
0.2426869763925532
0.24680765520695067
0.25072974290805
0.25440799702622935
0.25779836447446147
0.2608403603135027
0.2634875526911368
0.2657135097551473
0.26748417841850697
0.2687631268289995
0.2695403549866248
0.2697994310391666
