0.0
-0.0005814949843741434
-0.002523666810543265
-0.005628828605460916
-0.009760732160421514
-0.014851253371073316
-0.021014017058285938
-0.027908275729872596
-0.03543865563974026
-0.043446158220923736
-0.05179453526471945
-0.060367975793727525
-0.0689847308827243
-0.07754261437518145
-0.08591668975631134
-0.09396608256350229
-0.10167948110283757
-0.109000072963881
-0.1158210457361978
-0.12211283665109349
-0.12792544570856842
-0.1331269970129751
-0.13791067815387817
-0.14208548769824128
-0.145851425646065
-0.1491334285121372
-0.15196555834863326
-0.1543955020286011
-0.15637094642508662
-0.15795551635896055
-0.15919008629283454
-0.16004509345801424
-0.16052053785449988
-0.1606800443031617
-0.16043042521443504
-0.15987168058831994
-0.1589538104248163
-0.15771318990305375
-0.15609981902303205
-0.1542136977847514
-0.1520412013673413
-0.14958232977080171
-0.14679389540556803
-0.14380546104033418
-0.14058746390640597
-0.1371694667724778
-0.1336028321206368
-0.12990050353070995
-0.126063843484784
-0.12217241475155335
-0.11819665456232381
-0.11417838802457306
-0.11020126535325647
-0.10618912998489752
-0.10226064483149379
-0.09833692836539493
-0.09450503700677373
-0.09075815834519489
-0.08709492989857143
-0.08352080159525165
-0.08015648007036384
-0.07686670861712787
-0.07371355635275911
-0.07071656065186697
-0.06787663406819032
-0.06519241411964208
-0.06266730701143984
-0.060302906538366036
-0.05811011255711708
-0.05607370645204005
-0.054194138151483114
-0.05247594503005571
-0.05090482102584381
-0.049480072200761394
-0.048197611108547256
-0.047040843954419126
-0.04600977073837698
-0.045090072701464326
-0.044269474807855244
-0.04354433953963682
-0.042898304414722
-0.042324775638328406
-0.041810796933586594
-0.041346368300496567
-0.04091785222114542
-0.04051865490075072
-0.040134457580356046
-0.03976526025996137
-0.03939083162687135
-0.03900617168108602
-0.03860400538677945
-0.038174332743951676
-0.03770624119886384
-0.03719836826942886
-0.03664412016086437
-0.036033496873170416
-0.03535922337052108
-0.03462425592978574
-0.03382131951513856
-0.032931776608666564
-0.03197790224619564
-0.030937421391899866
-0.029810334045779333
-0.02860164020783394
-0.02731065863702023
-0.02592807057438168
-0.024459557260961853
-0.02291239373258663
-0.021277942471343042
-0.019565522236187627
-0.017770133027120317
-0.015906774844141137
-0.01397272272307599
-0.011973657904968387
-0.009914580389818366
-0.007802765213451776
-0.005644574857955703
-0.0034429656001995555
-0.0012152124760092431
0.0010416407914846698
0.0033116816485433314
0.0055935476130796885
0.007867007372398418
0.010140017203368953
0.012386664552252435
0.01460694941904885
0.01678359676793232
0.018917287839946374
0.02098938511717806
0.022997613563801474
0.02492765442086012
0.026775188929397568
0.028527260812544353
0.03017591379343108
0.03170751035414479
0.03312636925364193
0.03441589669714018
0.035579048961508916
0.036599913493009326
0.03747280905059785
0.03820773563427451
0.03878278322970894
0.0392083837127968
0.03947719519331207
0.039593037699915457
0.03955054621111144
0.03935342509921308
0.03900326815900275
0.038504527858237124
0.037862319853263875
0.03708330479326549
0.036168163919285484
0.035127694128715053
0.0339665792020062
0.03270018416065446
0.03133128277078151
0.029882150068213237
0.028346423570862592
0.02675137831455547
0.02510065181720482
0.023405837873593023
0.02168489276058949
0.019950772755063673
0.018219390410754384
0.01649938324557458
0.014799388777437241
0.013138957077994142
0.011531725665158234
0.009990650815798929
0.00852232632469863
0.0071360709508137814
0.005852797247883247
0.004676823974863507
0.0036147449265369206
0.0026765601029034953
0.001872500816658575
0.0012046107909327024
0.0006844838205082427
0.0003028011464287677
7.751904556365554e-05
0.0
