7.1528
7.1476
7.1321
7.1063
7.0704
7.0245
6.9689
6.9039
6.8297
6.7468
6.6555
6.5562
6.4495
6.3358
6.2156
6.0894
5.9579
5.8216
5.681
5.5368
5.3894
5.2395
5.0877
4.9344
4.7803
4.6258
4.4714
4.3176
4.1649
4.0136
3.8642
3.717
3.5724
3.4306
3.292
3.1567
3.025
2.897
2.7729
2.6528
2.5368
2.4249
2.3173
2.2138
2.1145
2.0194
1.9283
1.8414
1.7584
1.6793
1.604
1.5323
1.4642
1.3995
1.3381
1.2799
1.2247
1.1724
1.1229
1.0759
1.0315
0.98939
0.94952
0.91176
0.87599
0.84209
0.80995
0.77947
0.75055
0.7231
0.69703
0.67226
0.6487
0.6263
0.60497
0.58466
0.56531
0.54687
0.52928
0.5125
0.49649
0.48122
0.46663
0.45271
0.43942
0.42674
0.41463
0.40307
0.39205
0.38154
0.37153
0.36198
0.3529
0.34425
0.33603
0.32822
0.32081
0.31377
0.30711
0.30079
0.29482
0.28916
0.28382
0.27877
0.27401
0.2695
0.26525
0.26123
0.25744
0.25385
0.25044
0.24721
0.24414
0.2412
0.2384
0.2357
0.23311
0.23059
0.22814
0.22575
0.2234
0.22109
0.21879
0.21651
0.21424
0.21196
0.20967
0.20738
0.20507
0.20275
0.20041
0.19806
0.1957
0.19334
0.19098
0.18863
0.1863
0.184
0.18173
0.17951
0.17735
0.17526
0.17326
0.17135
0.16955
0.16787
0.16632
0.16491
0.16364
0.16253
0.16159
0.16081
0.1602
0.15977
0.1595
0.15941
0.15948
0.15971
0.1601
0.16063
0.1613
0.16208
0.16297
0.16396
0.16501
0.16613
0.16729
0.16847
0.16966
0.17083
0.17197
0.17306
0.17408
0.17503
0.17588
0.17662
0.17724
0.17773
0.17809
0.17831
0.17838
