0.0
-0.0006109697649444452
-0.002368756640973972
-0.005323605465697431
-0.009363077448516631
-0.01449985621763841
-0.02060906419186726
-0.027653629837018547
-0.03559648161890786
-0.04428761953753499
-0.05361509447752067
-0.06350427369527716
-0.07389296323781554
-0.08461896915214782
-0.09560765869468646
-0.10678439912184559
-0.11799943527123265
-0.12920301198045794
-0.140282690458923
-0.15120139917244327
-0.16189669933042117
-0.17225615214225895
-0.1822797576079561
-0.1918801993557201
-0.2010699161761483
-0.20981134685983843
-0.21805449140679015
-0.22582422739819988
-0.23305787120586038
-0.23975542282977189
-0.24596688226993418
-0.25169200468873876
-0.25688054524857623
-0.2615825039494472
-0.26576031958194907
-0.26947618609907076
-0.27271766471021447
-0.27549694936836966
-0.2778767237017422
-0.27981918166332154
-0.28128676204370523
-0.28242946484289344
-0.28312216764208187
-0.2835024316506721
-0.283507573240458
-0.2831375924114396
-0.28253005037301904
-0.2815598247063917
-0.2802806470487371
-0.27877510309321824
-0.2769305092116286
-0.2749433786043976
-0.27266844195015544
-0.27021091960275023
-0.26751185957115464
-0.26471031178143956
-0.2617085191541156
-0.25854528677764477
-0.2552444931917717
-0.25186857718709416
-0.2483650510054927
-0.24479393913072817
-0.24111270483715908
-0.23739147054359003
-0.23362016279873848
-0.22978004996542484
-0.22593742489023066
-0.22207104369409636
-0.21821466249796206
-0.21434579354370814
-0.21045938786381294
-0.20659681175614064
-0.20276669892282698
-0.19895041566173619
-0.1951741324006454
-0.19142538586519597
-0.18772041993444763
-0.18404925909216127
-0.18042314721739672
-0.17683705982639306
-0.1732910214029111
-0.16979751970507045
-0.16634531085381143
-0.16293312648631325
-0.15956847884445646
-0.15624261180730073
-0.15295676925390592
-0.1497034389423915
-0.14649637699369777
-0.1433168272868845
-0.1401672775800712
-0.1370477278732579
-0.1339569342873848
-0.1308848723386911
-0.12783905426905717
-0.12481196783660255
-0.12180361304132727
-0.11880896539947043
-0.11583056163667337
-0.11285710890635453
-0.10989987557133463
-0.10695134938973314
-0.10400904260343057
-0.1010754429705464
-0.09814679437014051
-0.09522060904409327
-0.09231313087146448
-0.08940060373131391
-0.08649678374458185
-0.08360542703220836
-0.08072653359419361
-0.07784634730959729
-0.07498862429935967
-0.07214212068442091
-0.06931059258572128
-0.06649528388232054
-0.06370370681609913
-0.06093961750799729
-0.058198015958015006
-0.055483902166152246
-0.05280478837428953
-0.05016443070336702
-0.04756282915338472
-0.04500249596622309
-0.0424859189000017
-0.0400231224384814
-0.037609106581662194
-0.03525138357142455
-0.03295619728682826
-0.030722303848813488
-0.028552215499260705
-0.02644717611722971
-0.024414697944600928
-0.022458537102314574
-0.02057493746943044
-0.018768899045948525
-0.017042934073749245
-0.015400798673772862
-0.013833736725079123
-0.012351748227668054
-0.010951077060599414
-0.009637991586693876
-0.008409979564071003
-0.00726328487179054
-0.006197907509852533
-0.005212603599197168
-0.004307348656063592
-0.0034821671642126686
-0.002737034639883506
-0.0020631949621359156
-0.0014644042519100665
-0.0009306380254451155
-0.0004668962827410586
-6.442290285765798e-05
0.0002792943560855207
0.0005604993731482542
0.0007954849949121033
0.0009767389794966088
0.0011130174478420015
0.0012131010046493714
0.0012719896499187708
0.0012971956255305853
0.001294987294305485
0.0012641207771837254
0.001214620557926164
0.001146486636532811
0.0010584751339438835
0.0009643666548604951
0.0008641611992826417
0.0007578832509711929
0.000651776688985967
0.0005433537552073666
0.0004413950543365177
0.00034714446543319667
0.0002606019884974176
0.00018303598634981092
0.00011944645899040625
6.610176923984998e-05
3.0489675217717224e-05
5.122418804432867e-06
0.0
