11.271
11.254
11.202
11.117
11.0
10.852
10.675
10.471
10.244
9.9953
9.7285
9.4463
9.1516
8.8473
8.536
8.2202
7.9024
7.5846
7.2688
6.9567
6.6497
6.3491
6.0559
5.7709
5.4948
5.228
4.9711
4.724
4.4871
4.2603
4.0435
3.8366
3.6395
3.4518
3.2734
3.104
2.9432
2.7907
2.6462
2.5093
2.3798
2.2572
2.1412
2.0316
1.9279
1.83
1.7374
1.6499
1.5673
1.4892
1.4154
1.3458
1.2799
1.2178
1.159
1.1035
1.051
1.0015
0.95462
0.91033
0.86846
0.82886
0.79141
0.75599
0.72248
0.69077
0.66076
0.63235
0.60545
0.57998
0.55586
0.533
0.51135
0.49083
0.47138
0.45294
0.43545
0.41887
0.40314
0.38822
0.37405
0.36062
0.34786
0.33575
0.32425
0.31333
0.30297
0.29312
0.28376
0.27488
0.26644
0.25842
0.2508
0.24357
0.23669
0.23016
0.22396
0.21807
0.21248
0.20717
0.20213
0.19735
0.19282
0.18852
0.18445
0.18059
0.17694
0.17348
0.17021
0.16712
0.1642
0.16145
0.15886
0.15642
0.15412
0.15197
0.14995
0.14805
0.14628
0.14463
0.14308
0.14165
0.14032
0.13908
0.13793
0.13687
0.1359
0.13499
0.13416
0.13339
0.13268
0.13202
0.13141
0.13083
0.13029
0.12977
0.12927
0.12878
0.12829
0.12779
0.12728
0.12676
0.12621
0.12562
0.12501
0.12435
0.12365
0.12291
0.12214
0.12133
0.12049
0.11964
0.11878
0.11794
0.11712
0.11636
0.11568
0.1151
0.11464
0.11435
0.11422
0.1143
0.11461
0.11514
0.11592
0.11694
0.11819
0.11967
0.12134
0.12317
0.12511
0.12712
0.12915
0.13113
0.133
0.1347
0.13618
0.13739
0.13829
0.13884
0.13902
