0.0
-0.0002999999999997449
-0.0011499999999999844
-0.0026000000000001577
-0.004699999999999704
-0.007299999999999862
-0.01045000000000007
-0.014100000000000001
-0.018299999999999983
-0.022949999999999804
-0.02804999999999991
-0.03359999999999985
-0.03954999999999975
-0.04579999999999984
-0.0524
-0.05924999999999958
-0.06639999999999979
-0.0737000000000001
-0.08119999999999994
-0.08879999999999999
-0.09644999999999992
-0.10414999999999974
-0.11189999999999989
-0.11954999999999982
-0.12719999999999976
-0.13464999999999994
-0.14200000000000013
-0.14915000000000012
-0.15605000000000002
-0.16274999999999995
-0.16920000000000002
-0.17535000000000012
-0.18115000000000014
-0.1866000000000001
-0.1917000000000002
-0.19645
-0.20079999999999987
-0.20475
-0.20835000000000004
-0.21150000000000002
-0.21429999999999993
-0.21665
-0.21855000000000002
-0.22009999999999996
-0.22130000000000005
-0.22209999999999996
-0.22250000000000003
-0.22255000000000014
-0.22225000000000006
-0.22165000000000012
-0.2207499999999999
-0.21950000000000003
-0.21794999999999998
-0.21619999999999995
-0.21419999999999995
-0.21194999999999997
-0.20950000000000002
-0.2068500000000001
-0.20404999999999995
-0.20114999999999994
-0.19810000000000005
-0.19490999999999997
-0.19161499999999998
-0.18822499999999998
-0.18482000000000004
-0.18134
-0.17785499999999999
-0.17430500000000004
-0.17076500000000006
-0.167225
-0.16372499999999995
-0.160215
-0.15674500000000002
-0.15330500000000002
-0.14991
-0.14655999999999997
-0.14326500000000003
-0.140025
-0.13684000000000002
-0.13372000000000003
-0.13066
-0.12765500000000002
-0.12471999999999997
-0.12184499999999998
-0.11902500000000002
-0.11626500000000001
-0.113565
-0.11091000000000001
-0.10831500000000002
-0.10576000000000002
-0.10325500000000001
-0.100795
-0.09837000000000001
-0.09598000000000001
-0.09362499999999999
-0.09129500000000002
-0.08898999999999999
-0.08671000000000001
-0.08445
-0.08221
-0.079985
-0.077765
-0.075565
-0.07337
-0.07118
-0.06899499999999999
-0.06681999999999999
-0.06465000000000001
-0.062484999999999985
-0.060325000000000004
-0.05817
-0.05602
-0.05387499999999999
-0.051739999999999994
-0.04961
-0.047494999999999996
-0.045384999999999995
-0.043295
-0.04122000000000001
-0.03917000000000001
-0.03714000000000002
-0.03513000000000001
-0.03315
-0.031200000000000006
-0.02928
-0.027399999999999994
-0.025550000000000003
-0.023749999999999993
-0.021995
-0.020284999999999997
-0.01862000000000001
-0.017015000000000002
-0.015459999999999988
-0.01396
-0.01253
-0.011150000000000007
-0.009834999999999997
-0.008595000000000005
-0.00741
-0.006295000000000009
-0.005250000000000005
-0.004275000000000001
-0.003360000000000002
-0.0025200000000000083
-0.0017500000000000016
-0.0010450000000000043
-0.0004050000000000026
0.00015999999999999348
0.0006700000000000039
0.0011150000000000049
0.0015000000000000013
0.0018250000000000072
0.0020899999999999946
0.0023100000000000065
0.002474999999999991
0.002589999999999995
0.0026650000000000007
0.002695000000000003
0.002689999999999998
0.0026499999999999996
0.002574999999999994
0.002479999999999996
0.002360000000000001
0.0022149999999999948
0.0020600000000000063
0.0018900000000000028
0.0017149999999999943
0.0015350000000000086
0.00134999999999999
0.0011700000000000044
0.0009900000000000048
0.0008250000000000063
0.0006600000000000078
0.0005200000000000066
0.00038499999999999646
0.00027000000000000635
0.0001749999999999946
0.00010000000000000286
4.500000000000337e-05
1.0000000000010001e-05
0.0
