9.1312
9.119
9.0823
9.0218
8.9379
8.8318
8.7047
8.5579
8.393
8.2117
8.016
7.8078
7.5889
7.3614
7.1271
6.8881
6.6459
6.4024
6.159
5.9172
5.6782
5.4432
5.2131
4.9887
4.7707
4.5595
4.3557
4.1594
3.9708
3.7901
3.6172
3.452
3.2945
3.1443
3.0014
2.8655
2.7363
2.6135
2.4969
2.3862
2.2811
2.1813
2.0865
1.9966
1.9111
1.8299
1.7527
1.6794
1.6097
1.5434
1.4804
1.4204
1.3632
1.3088
1.257
1.2077
1.1607
1.1158
1.0731
1.0323
0.99341
0.9563
0.92088
0.88708
0.8548
0.82398
0.79454
0.76642
0.73956
0.7139
0.68938
0.66595
0.64355
0.62215
0.60169
0.58214
0.56344
0.54558
0.5285
0.51217
0.49656
0.48165
0.46739
0.45376
0.44073
0.42829
0.41639
0.40503
0.39418
0.38381
0.37391
0.36446
0.35544
0.34684
0.33862
0.33079
0.32332
0.31621
0.30943
0.30297
0.29683
0.29099
0.28543
0.28015
0.27514
0.27038
0.26587
0.26159
0.25755
0.25372
0.25011
0.2467
0.24348
0.24045
0.2376
0.23493
0.23241
0.23006
0.22785
0.22579
0.22386
0.22206
0.22038
0.2188
0.21733
0.21594
0.21464
0.21341
0.21225
0.21113
0.21006
0.20902
0.208
0.20698
0.20597
0.20494
0.2039
0.20283
0.20172
0.20057
0.19938
0.19815
0.19688
0.19557
0.19424
0.19288
0.19153
0.1902
0.1889
0.18768
0.18655
0.18556
0.18473
0.1841
0.1837
0.18359
0.18377
0.1843
0.1852
0.18647
0.18816
0.19024
0.19273
0.19561
0.19886
0.20243
0.2063
0.21039
0.21465
0.21901
0.22337
0.22768
0.23182
0.23573
0.23931
0.2425
0.2452
0.24738
0.24897
0.24994
0.25027
