5.787180195982528
5.783062663529598
5.770934943752003
5.750871669393332
5.72294747319717
5.687386743069494
5.6443382548222605
5.594301518780254
5.537424821080209
5.474157427209301
5.404822745723073
5.329894430014674
5.249846133477257
5.165151509503972
5.076133966650363
4.983367158309581
4.887274982712385
4.788331093251928
4.686909143321359
4.583533520826657
4.478453001579779
4.372191973486701
4.264999702034598
4.157300575129447
4.049419470352443
3.9414807756095644
3.8339093684820074
3.7268052489697707
3.620493294654051
3.5151988727912618
3.4109468609625972
3.3079626264244717
3.2063964140144936
3.1063984685702724
3.0080195246046335
2.9113595821175786
2.816519130784324
2.723523537861283
2.6325235378612835
2.5435191307843237
2.456561051143231
2.3716746661944197
2.288935098356693
2.208317959724073
2.1298734951341687
2.0536021942621985
1.979504057108162
1.9075546957660803
1.8377789878171507
1.7702276677741986
1.7048256132184203
1.6415981914062283
1.580445402337623
1.5214926132690179
1.4645398242004128
1.4097124023882208
1.3569352254136378
1.3060834156954682
1.2572072180713207
1.210306632541195
1.1652766835888528
1.122019858972413
1.0805988423200823
1.0409186091481
1.0029642329077488
0.9666456646315068
0.931887879835613
0.8987109764551113
0.8670299300062404
0.8367997160052398
0.8079678466939896
0.7804917853468486
0.7543040197219364
0.7293670375773726
0.7056258144293963
0.6830353257942465
0.6615505471881624
0.6411114296436222
0.6216804609187454
0.6032126165297713
0.5856578475091779
0.568978641615085
0.5531324621218511
0.5380742845457153
0.5237740599191558
0.5101767637584119
0.49726239606348355
0.48498588338308796
0.4733172257172253
0.4622213985821344
0.4516683530102939
0.4416205767598231
0.43206304534696105
0.4229582465298275
0.41427613134090063
0.4060042120220607
0.3981049273639058
0.3905633018501965
0.3833592865134113
0.3764703935954305
0.36988408637061276
0.3635653403551973
0.3575116677910644
0.35170804419445334
0.3461344695653641
0.34078343166191605
0.33562990600034864
0.3306738925806615
0.32590290364473534
0.32130440246692865
0.3168809257728829
0.3126024245950763
0.3084814356591501
0.30450293448134347
0.3006644333035368
0.2969659321257302
0.2933899187060431
0.28994390528635605
0.286627891866669
0.2834293906888623
0.28035088951105563
0.27739741281700997
0.27456144836484464
0.2718429961545597
0.2692370806699162
0.26675370191091397
0.2643928598775531
0.26214957905359443
0.2600288349552771
0.2580231643082424
0.2561475426287295
0.25439450664237967
0.2527565441073126
0.2512586795072889
0.249875888358548
0.24862319514485057
0.24750059986619669
0.2465056147644668
0.24563072759778046
0.24489096284989853
0.2442712960370602
0.2437767516430262
0.2434073296677967
0.2431630301113716
0.2430263407318705
0.24301477377117384
0.2431183292292816
0.24332198262243288
0.24363827067626903
0.24404465666514874
0.24455616507283287
0.24515777141556055
0.24583196345145136
0.2465937656642661
0.24742566581212444
0.24831512716938492
0.24926468646168898
0.25026683144715617
0.25129902540014504
0.25237629280441665
0.25347360917621004
0.25458097451552514
0.25569838882236207
0.2568158520967207
0.2579258520967207
0.25901336433860117
0.26008341330612295
0.26111346227364474
0.2621060479668078
0.26304112141809044
0.263931219353134
0.2647513172881775
0.2655039029813407
0.2661764886745038
0.26677907436766685
0.2672941478189495
0.2677217090283517
0.2680517579958735
0.26829429472151484
0.2684393192052757
0.2684893192052757
