0.0
-0.00031018277190317635
-0.0012149132424015066
-0.002690009256705638
-0.004797834507280976
-0.007463661609197486
-0.010624581639849737
-0.014331685059518772
-0.01854733556066934
-0.023159169450836698
-0.028230095652626182
-0.033610659396178036
-0.039376133296562546
-0.04538942627638572
-0.05158817464318148
-0.05806055993462677
-0.06464476368839599
-0.07136551328941941
-0.07806099027537308
-0.08484464879900193
-0.09156594363016568
-0.09823832892161095
-0.10481180467333662
-0.11127455242301894
-0.11748893586312285
-0.12359313653132352
-0.12944951812008618
-0.13505862585955114
-0.14043282344218352
-0.1455350197905882
-0.1502899422896953
-0.15484813616964524
-0.15905905620029748
-0.1629485202268628
-0.16654071040413032
-0.16983617196224085
-0.17285963228612394
-0.17554872768331445
-0.1779029129236722
-0.18004746062226762
-0.18185709816403034
-0.18338182554895996
-0.18473400646952196
-0.1857630956955753
-0.18661963845726098
-0.18721545321690308
-0.18758817628203683
-0.18774962611498658
-0.18775034794589293
-0.1875811419598898
-0.18722291738813962
-0.18671083779968448
-0.18611097599472862
-0.1853017684659412
-0.18442332425935062
-0.18340531623687223
-0.18230021713699926
-0.1811104996982246
-0.1797997639822597
-0.17847048272759744
-0.17702372873444217
-0.17549568384902636
-0.17394263896361067
-0.17229561235538518
-0.17062718580887104
-0.1688911774778359
-0.16711860563946998
-0.16531688850925216
-0.16346258959451335
-0.1615803272341551
-0.15966891958194498
-0.15772594842240417
-0.15575506834025798
-0.15375386112002745
-0.15173963593116357
-0.14969384723496887
-0.14762020413918286
-0.14554354307476344
-0.14343279124150624
-0.14130542137790417
-0.13916385169943624
-0.1370006639906235
-0.1348245673592054
-0.13262932543593545
-0.13042122911307422
-0.12819775112911466
-0.1259601823763173
-0.12370846833166813
-0.12144019077968815
-0.11915653156660987
-0.11685754521544729
-0.11454699535695395
-0.11222488199112986
-0.10988491422571445
-0.1075346738452288
-0.10516657906515187
-0.10278821167000465
-0.10039457165978723
-0.09798560451148554
-0.09556260111736012
-0.09312685236967146
-0.09067330374540555
-0.08820571887531592
-0.08572538865166304
-0.08322978581293995
-0.08071767398990014
-0.0781878168132971
-0.07564645065237735
-0.07308733913789442
-0.07051300953135527
-0.06792340730974587
-0.0653160597345733
-0.06269225769809804
-0.06005447393881308
-0.05740270845671842
-0.05473825214407457
-0.05205857773937458
-0.04936368524261838
-0.04665986554606651
-0.043943355018965506
-0.04121791729206885
-0.038482315996130036
-0.035741551131149095
-0.03299691358938655
-0.03025587610933537
-0.027514729583256094
-0.024777237641902254
-0.022052163916027333
-0.019340799297891873
-0.016649380156742367
-0.01398043375408584
-0.011342778243689846
-0.008740122733293844
-0.006188812638172433
-0.003681320696818601
-0.0012327014322463324
0.0011495178940372829
0.003461573651278763
0.005683411316464042
0.007818739997332621
0.009852559693884464
0.011779815883105551
0.013586744934242353
0.015270819585787852
0.016818221683974486
0.0182252421210628
0.019481826374038735
0.020586683550641756
0.02152734091237889
0.022306271197743123
0.022917238037487964
0.023353950539352877
0.02362646322635188
0.023718485206224493
0.023646361894245245
0.023413802398153636
0.023022097610210186
0.02247506568418245
0.02178523388157748
0.020958893094655748
0.020014861477184866
0.01895942992142536
0.017803943842651836
0.016575985025385303
0.015281844361886326
0.013944103636676001
0.012572871895782375
0.011194440031466017
0.009822680720508509
0.00848264848592393
0.007186925112233321
0.005951856014711268
0.004798732085618312
0.0037351351094755125
0.002788646870803974
0.001960558261864165
0.0012671601749167042
0.0007185071329755793
0.00032212639754783536
8.178159938695308e-05
0.0
