0.0
0.0
-0.0004999999999997229
-0.0015000000000000568
-0.002500000000000391
-0.0034999999999998366
-0.005499999999999616
-0.006999999999999673
-0.009500000000000064
-0.011700000000000266
-0.014050000000000118
-0.016599999999999504
-0.01929999999999943
-0.022050000000000125
-0.024849999999999817
-0.027699999999999392
-0.03059999999999974
-0.033500000000000085
-0.03639999999999999
-0.03925000000000001
-0.0420499999999997
-0.044800000000000395
-0.04744999999999999
-0.04999999999999982
-0.052449999999999886
-0.054850000000000065
-0.057150000000000034
-0.059250000000000025
-0.06130000000000013
-0.06325000000000003
-0.06500000000000017
-0.0667000000000002
-0.06824999999999992
-0.06959999999999988
-0.07089999999999996
-0.07205000000000017
-0.07310000000000016
-0.07400000000000007
-0.07479999999999998
-0.07545000000000002
-0.07600000000000007
-0.07645000000000013
-0.07679999999999998
-0.07705000000000006
-0.07715000000000005
-0.07725000000000004
-0.07715000000000005
-0.07700000000000007
-0.07684999999999997
-0.07655
-0.07615000000000005
-0.07574999999999998
-0.07524999999999993
-0.07465
-0.07410000000000005
-0.07340000000000002
-0.07266999999999996
-0.07192499999999996
-0.07110000000000005
-0.07028000000000001
-0.069405
-0.0685
-0.06755500000000003
-0.06659500000000002
-0.06559999999999999
-0.06459000000000004
-0.06356
-0.06251000000000001
-0.06145499999999998
-0.060380000000000045
-0.05929499999999999
-0.05819499999999997
-0.05710000000000001
-0.055989999999999984
-0.054879999999999984
-0.05376000000000003
-0.052645
-0.05152999999999999
-0.05041000000000001
-0.049284999999999995
-0.048164999999999986
-0.04704999999999998
-0.04593
-0.04482
-0.04371
-0.042604999999999976
-0.041495000000000004
-0.04039999999999999
-0.03930500000000001
-0.038209999999999994
-0.03712
-0.03602999999999999
-0.03495000000000001
-0.033865000000000006
-0.03279
-0.03171
-0.03064
-0.029564999999999994
-0.02849
-0.02742
-0.026355000000000003
-0.025285000000000002
-0.024209999999999995
-0.02313499999999999
-0.022059999999999996
-0.02098
-0.019894999999999996
-0.018809999999999993
-0.017710000000000004
-0.01661
-0.015505000000000005
-0.014384999999999995
-0.013259999999999994
-0.012119999999999992
-0.010974999999999999
-0.00981
-0.008635000000000004
-0.007444999999999993
-0.0062399999999999956
-0.005019999999999997
-0.0037849999999999967
-0.0025300000000000045
-0.0012550000000000061
3.0000000000002247e-05
0.0013400000000000079
0.0026650000000000007
0.00401
0.005374999999999991
0.006750000000000006
0.008145
0.009549999999999996
0.01097
0.012395000000000003
0.013830000000000002
0.015269999999999999
0.016699999999999993
0.018135
0.019554999999999996
0.02095500000000001
0.022330000000000003
0.023665
0.02497
0.026215500000000003
0.027405
0.028516499999999993
0.029551000000000008
0.0304875
0.0313155
0.032023499999999996
0.032602000000000006
0.03303299999999999
0.033315000000000004
0.033437499999999995
0.0333835
0.033155
0.032739000000000004
0.032147999999999996
0.031369499999999995
0.030412499999999995
0.029282500000000003
0.027986500000000004
0.0265445
0.024965
0.0232705
0.021481999999999994
0.019621499999999993
0.017715
0.015784999999999993
0.013864999999999995
0.011975000000000006
0.010144999999999994
0.008405000000000003
0.006770000000000005
0.005275000000000002
0.003934999999999994
0.0027700000000000086
0.00179
0.001015000000000002
0.0004549999999999971
0.00011499999999999011
0.0
