8.660257727942748
8.64921452014718
8.616127726930046
8.561433103036986
8.485766403213647
8.38986338220567
8.274816964589123
8.141898659855297
7.992322807665043
7.827696672255292
7.649556008371684
7.459708080251151
7.25974581246976
7.051419299434012
6.836342880804762
6.616388066073298
6.392890609985259
6.167522022031934
5.941603717298106
5.716528620359848
5.493375316132371
5.273186634785251
5.056841161233699
4.845238895477715
4.638922667686873
4.438535308030741
4.244398231594109
4.056875683631331
3.8761890792271942
3.702445493805628
3.5357663424514185
3.3760944553341363
3.2234512475385673
3.0776437944886412
2.938493511269143
2.8059003978800736
2.679728699575789
2.559657001271506
2.4454495482215797
2.3368491705955825
2.2337702080543713
2.1357983209370888
2.0427120941589494
1.9544115277199539
1.8705966216201013
1.7909459607746059
1.7153237904378258
1.6435230351858314
1.5753293553577659
1.5105570906144863
1.449049071125564
1.3905838818062137
1.335040107571649
1.2822391635066557
1.2320382194416626
1.1842586904614556
1.138800576566034
1.0955424626706125
1.0543693582158409
1.015109102811941
0.9777338568486909
0.9421236203260906
0.9081841102271833
0.8758196095689258
0.8449515523174038
0.8155042214895747
0.7874090510515241
0.7605981825117306
0.7350073328532367
0.7105786435845214
0.6872521147055844
0.6649813216909903
0.643710547557696
0.6234055092887443
0.6040104899010925
0.585489064869305
0.5678055172103386
0.5509255639072363
0.534805629485434
0.5194192894194957
0.5047308267263787
0.4907159583891258
0.4773389674246943
0.4645798538330839
0.4524164761058163
0.4408052587683271
0.42973977729518065
0.41919431470333407
0.40914887099278724
0.399565587672019
0.3904444647410291
0.3817555021998177
0.37348084155686334
0.3656026243206445
0.35810870898268277
0.350979095542978
0.34420020852696603
0.33774990642616826
0.33162604773210613
0.32581077395325814
0.32028622659810285
0.31504454717511904
0.31007359417582786
0.3053733676002295
0.30091815046528114
0.2967115182455469
0.29273775395798407
0.2889968576025925
0.2854766876708938
0.28217152717984495
0.2790770931124889
0.2761776684857828
0.27347897028276935
0.2709731400119274
0.2686501776732568
0.26651008326675746
0.2645428567924295
0.26274063975875145
0.2611091491487662
0.259626950996388
0.25830547926770264
0.25712115848814576
0.256066130166196
0.25515396977641747
0.25435538486120335
0.2536682339120748
0.253092516929032
0.25260037542055336
0.25220395089511766
0.2518775263696819
0.2516111018442462
0.251406818827289
0.2512389603357676
0.25109966787816046
0.2509810829629463
0.2508674886070822
0.2507488848105681
0.2506095545903613
0.25044949794646176
0.25025299789582656
0.25002005443845576
0.24974280908282792
0.24941912032046448
0.24905112965984402
0.24865027106705223
0.24822082755904626
0.24778423310191175
0.24736978015325584
0.24699532720459993
0.24669016671355112
0.2465093081207593
0.24648990237535304
0.24667552495189654
0.2471326192571255
0.24790833624016834
0.24906340232471785
0.25065496845990254
0.25273018559485094
0.25533978015325587
0.2585151861012029
0.26230569589629915
0.26670702652158745
0.27172917797706786
0.2773600087542618
0.28355450941251925
0.29027910447727606
0.2974609260163608
0.3049999551484736
0.31278974846687896
0.3207224285987555
0.3286622596797606
0.3364499303709872
0.3439518463165712
0.35102083768608433
0.35748759314061956
0.3632342353073556
0.368129311338907
0.37205851933701656
0.37492969891190603
0.37667998213140397
0.3772679350294247
