7.318998587474765
7.312050999912829
7.291616981853139
7.257473909907857
7.210425902449192
7.150522832506721
7.078841314870063
6.995753845956627
6.902268916451681
6.7991405177570075
6.687381766811781
6.567860279838654
6.441443673060281
6.309217813774096
6.172027694814919
6.030704684196699
5.886071151366422
5.738981341666721
5.589948625977614
5.439663751791295
5.288776592137335
5.137568895940959
4.986640663202165
4.836251019458342
4.686790966142527
4.538537879866885
4.391555512422712
4.246325866676078
4.102799069597408
3.961157124052774
3.82170928254999
3.6844647975968674
3.5495601713429608
3.417191031475213
3.2873483794266587
3.1603550925259833
3.036102172206221
2.9148806199004085
2.796595061862452
2.6815501243462587
2.569677683247475
2.4611096144617486
2.3558050435264692
2.253982221516412
2.1555138987898377
2.060559200884133
1.9689908781575582
1.8808544313266307
1.7961498603913506
1.7149362908891066
1.6369864731781576
1.5624004072585034
1.4910508434884038
1.422924157046987
1.3578339727551243
1.2958530409710742
1.2368541120530963
1.180680785427976
1.127304448971885
1.0766319150952588
1.0286509214593138
0.9830928051520524
0.9399048412093002
0.8990715797027091
0.8604439204889758
0.8239373134964478
0.7894599336176482
0.7568985932630117
0.7261801048429739
0.6971999182858828
0.6698775709663477
0.644118512812717
0.6198495562354256
0.5969975136449094
0.5754705599336901
0.5552027825480291
0.5361150813446227
0.518158818805558
0.5012535323054446
0.4853519468084561
0.4703922372071152
0.45630985342976993
0.4430675204405945
0.43061205065002406
0.4188948065401457
0.40787396300348167
0.3975095200400321
0.3877482900602322
0.3785802730640819
0.3699422814620164
0.36181567773612294
0.3541618243684884
0.34696344632328696
0.3401746310467799
0.33376810350314096
0.32773386369237056
0.3220273615428166
0.3166385970544792
0.3115402951915324
0.30670518091815047
0.3021059791985073
0.29774269003260306
0.2935794008666987
0.2896061117007944
0.2857969099811512
0.28214179570776926
0.27861349384482254
0.27521200439231097
0.27190868983232186
0.2686976376111161
0.2655574852466068
0.2624882327387938
0.25946533001602556
0.2564933271499536
0.2535563115868393
0.2506456458087695
0.2477499673336573
0.2448779136794156
0.2420122098102185
0.23915285572606604
0.23629712646278403
0.23345638450245967
0.23060926736300572
0.2277757750444223
0.2249531825825353
0.22214285245943177
0.2193434221930246
0.21657216681913977
0.21382772385569018
0.21113009330267588
0.20846655019592264
0.2058557320533436
0.2033062763928515
0.2008268207323595
0.1984332776256063
0.19611700955467903
0.19390256659122942
0.19179267369943165
0.18980051846885043
0.18792882586365978
0.18619214595551162
0.1846004787444059
0.18314382423034267
0.18184081993123477
0.18069737840082115
0.17971349963910174
0.17889190861025073
0.1782371553859198
0.17775060244819613
0.17743224979707956
0.17727209743257025
0.1772787828725811
0.1774350310812861
0.17774947957659837
0.1782121283585178
0.1788057023912185
0.1795288391926135
0.18037562620896389
0.1813333384760955
0.18237606344026963
0.18351516358357323
0.18471200138809335
0.18597657685383004
0.18728025246287033
0.18860847814356238
0.1899585289317322
0.19130449227364082
0.19262773065137534
0.19392824406493575
0.19517875747849617
0.19637063337414368
0.19749523423396523
0.19854119757587385
0.19948397332821774
0.20032219900890982
0.2010558746179501
0.20165908760159973
0.2021391129956846
0.20248595080020476
0.20269368846142133
0.2027682385330731
