0.0
-0.0007730986864557061
-0.002988872529068334
-0.006603268440810616
-0.011347577817372221
-0.017118278441998914
-0.023514502449300655
-0.030342426407393198
-0.03732012071034016
-0.04398724836302423
-0.050224871105989374
-0.05579511242032665
-0.060575511829826005
-0.06435065329178828
-0.06715512076351254
-0.06898891424499952
-0.06976150286597613
-0.06967640884319735
-0.0687347296971997
-0.06705540368743694
-0.06482168759552887
-0.062058466593901455
-0.05891089129011963
-0.055482483900937594
-0.05188866046905568
-0.04802699629825482
-0.04410938521448175
-0.04014177413070837
-0.03613010995990828
-0.03206249887613508
-0.027977047053443945
-0.023961860665888887
-0.019955045887524586
-0.016050655805378657
-0.012204637332423171
-0.008549149729740609
-0.005096086823276222
-0.0018073424389754005
0.0012789772491074306
0.004045031502053894
0.006590820319864157
0.008766343702537722
0.010671601650075387
0.012203026014692787
0.013425484078822365
0.014371135103545428
0.014954251679996812
0.015317102821311775
0.015284070870678694
0.015031368176206572
0.014517320416057189
0.013775870925204213
0.012820102912187693
0.01163633847717031
0.010226361694043897
0.008706737132592821
0.007024358618762818
0.005264601339743637
0.003420196282399971
0.0014918708555971233
-0.0004534811147192801
-0.0024219162935757636
-0.004379866533188557
-0.006302926524855034
-0.008166690959872479
-0.00997126959029447
-0.011679768590175502
-0.013298839315839417
-0.014806345471718755
-0.016193476440408094
-0.01745617913488026
-0.018584453555135147
-0.019578894392470028
-0.020435691029479574
-0.021154248774866442
-0.02173956762863058
-0.022187836973366563
-0.022501083352588082
-0.022689901457592348
-0.02275250721448756
-0.02269830593197644
-0.02253110822746446
-0.02225853533576249
-0.021890587256870552
-0.021426074608194103
-0.020879402698435877
-0.020250571527595844
-0.01955720233048492
-0.018799295107103115
-0.017976849857450437
-0.017108677198932287
-0.016189182440251474
-0.015232176198813388
-0.014237063783320783
-0.013208845193773654
-0.012148115121469256
-0.011061305418623957
-0.009945794850426886
-0.008808609960391626
-0.007646534822410003
-0.0064633800538875215
-0.005259145654824115
-0.004033831625219818
-0.00278743796507463
-0.0015199646743885517
-0.00022700644445884047
0.0010864367247145044
0.002421554215725976
0.0037853725720892887
0.005175270558993477
0.0065976800286549325
0.008051169128857276
0.00953835909441142
0.011059844616614639
0.012619436312872398
0.014222134183184664
0.015859127610146018
0.017544227211161882
0.0192774329862323
0.021057555552762685
0.02287697367594215
0.02474771389928431
0.02666774967927554
0.02863470225072678
0.0306453556875298
0.03269470998968461
0.03478217046589397
0.03690511588134694
0.039057951544746256
0.041227461529983765
0.043417456454464855
0.04560328853986506
0.04779198432969797
0.04996270666304451
0.05210164492249925
0.05419558318195397
0.056235710824003256
0.058200595996430717
0.06007642808183089
0.06184558584539293
0.06348604274360317
0.06498958285035342
0.06633358493083277
0.06749542775023033
0.06846837113547576
0.06922787756785004
0.06976236103470981
0.0700609404743145
0.07010467305924242
0.06988886711034759
0.06940587944240832
0.0686473399688895
0.06761324868979106
0.0663008082594644
0.06471501867790952
0.06286585799471564
0.06076125576554777
0.058409295706497735
0.055833149842852266
0.05304841286590867
0.05007592193658597
0.04694532483320879
0.04368424279058797
0.0403185129696426
0.03688718845739996
0.033416701106076405
0.029946104002699203
0.026515044925592895
0.023154361035676557
0.019898105419977444
0.016785925856820084
0.013853659507123629
0.011130954149212524
0.008648052252708647
0.006435196287233758
0.004515007487598804
0.0029139177060201384
0.0016489534860114046
0.0007371413710861729
0.00018348136124449237
0.0
